0 -1.50435 1.55391 0.676671 1.41029 -1.06557 0.759439 -1.51189 0.705149 -0.658209 -0.618438
1 -0.295395 1.14196 1.21772 0.872332 -0.658892 -1.32894 0.265082 0.548195 -1.06201 -0.816052
2 -0.671857 0.512676 0.154534 0.239517 -0.24764 0.245014 -2.07311 0.325159 -0.450418 -0.236045
3 -2.30542 -0.339864 1.24942 -0.827887 -0.622843 0.637409 -1.88832 1.19384 -0.206546 -0.859347
4 -1.71397 -0.0799232 1.19197 0.968986 -1.4402 1.09117 -1.2636 1.7189 -1.27704 -1.0456
5 -2.41348 -0.155196 -1.22647 0.698283 -0.396071 3.40844 -1.66059 0.392951 -0.851779 -0.726439
6 -0.224005 1.17839 1.01735 0.72559 -0.650102 -1.81205 -0.563179 1.24546 -0.483653 -0.760615
7 -1.66785 0.147586 0.587351 0.979799 -0.849014 1.10656 -0.952406 1.07445 -1.07989 -0.867427
8 -0.792643 0.684523 0.618759 0.309948 -0.404547 0.702113 -0.458659 1.3171 -0.294898 -0.324234
9 0.479872 0.0876074 1.07938 0.0771834 -0.101364 -2.85005 0.70525 1.51301 -0.739637 -0.525899
10 -0.867168 0.426749 0.358057 1.42579 -0.93268 0.927534 -0.87901 0.713753 -0.895201 -1.03634
11 -1.24729 0.370539 0.748631 0.923686 -1.00213 -0.0523392 -1.06711 1.35104 -0.677891 -0.653524
12 -1.03679 0.534589 0.918801 0.63532 -1.00171 0.353138 -1.18954 0.947331 -0.839673 -0.736063
13 -1.474 -0.284745 0.251136 0.784567 -0.751209 1.34459 -0.752235 1.19305 -0.719667 -0.781463
14 0.0798925 1.80772 1.42542 1.24817 -1.58448 -0.867373 0.270043 1.16108 -1.93938 -0.514046
15 -1.37081 1.31953 1.34029 0.943658 -1.12893 -0.798782 -0.738911 1.59377 -1.11574 -1.18476
16 -1.39686 1.27255 1.41286 1.27593 -1.06105 -0.981166 -0.712231 1.28547 -0.90262 -1.08962
17 0.212796 2.16277 1.91622 0.306168 -1.68962 -1.79474 0.687651 0.295883 -1.58817 -0.364681
18 -1.60103 -0.323586 0.0400598 0.992282 -0.705131 2.72095 -2.47391 0.540887 -1.66457 -0.51239
19 -0.0990401 0.706191 -0.248271 1.5629 -0.92191 -0.705763 -1.45598 0.853922 -0.786043 -0.952666
20 1.8289 1.69835 0.517448 0.722724 -0.564713 -1.51834 0.704821 0.494821 -3.06491 -0.620389
21 -0.492384 1.32877 1.5783 0.841315 -0.605853 -1.95816 -0.0767153 0.685814 -0.590232 -1.19686
22 -1.33779 1.25452 1.79329 0.11586 -0.044222 0.337498 -1.12821 1.02775 0.333401 -0.684735
23 -0.397164 1.10789 1.62264 1.1059 -0.706124 -1.08769 -0.0489172 1.02935 -0.889905 -1.0435
24 0.288194 1.07275 0.44675 0.510889 -0.495499 -1.35165 0.313892 0.382189 -0.740595 -0.670453
25 -1.13129 0.09761 0.940811 1.09898 -1.17493 0.973933 -0.889964 1.15799 -1.1195 -1.04721
26 -1.40426 0.490748 0.218953 0.670254 -1.08536 0.642488 -2.00838 1.75723 -0.895679 -0.564452
27 -1.70038 1.40478 1.15512 0.240441 -0.389521 -0.811432 0.257726 0.94912 -0.64753 -0.486568
28 -1.16512 1.53412 1.05053 0.501121 -0.760817 -0.780281 -0.665001 1.2294 -0.862244 -0.714483
29 -0.0657532 1.49692 1.0692 1.46835 -1.38964 -1.17367 0.0930988 0.938443 -1.48865 -1.291
30 -1.2691 0.859625 0.774518 0.275864 -0.675903 0.615004 -1.72922 0.679994 -0.156504 -0.600435
31 -1.81736 0.318108 -0.306478 0.653004 -1.2299 1.36668 -1.6497 0.937563 -0.8549 -0.314137
32 -2.42767 -0.60012 0.504676 0.433229 -0.301925 0.790662 -1.79819 0.562242 0.0238964 -0.769718
33 -0.434426 1.35038 -0.107053 0.935543 -0.607525 -0.754479 -0.792789 0.855233 -0.908576 -1.9156
34 -1.36093 -0.0828656 0.489825 0.986623 -0.907255 0.974117 -1.074 1.23817 -0.809768 -0.758422
35 -0.661195 1.35153 0.877615 1.01772 -0.773513 0.573954 -1.25129 0.890135 -0.870128 -0.281672
36 -1.19284 0.895964 0.781306 1.14534 -1.14231 0.127053 -0.867081 0.927857 -1.21716 -0.55743
37 -1.79581 0.30873 0.660913 1.48018 -1.65177 1.32856 -1.11248 1.90867 -1.34533 -0.904296
38 -1.76943 0.827169 0.357589 1.24905 -1.05182 0.39566 -1.65349 1.21166 -0.451597 -1.3354
39 -1.86077 -0.475896 0.128569 0.754446 -1.06548 1.96766 -1.34014 0.970336 -0.870428 -0.396558
40 -0.475366 1.1737 1.64856 0.950969 -0.465027 -2.20996 0.331439 0.411749 -1.76639 -0.999756
41 -0.995889 -0.335158 1.22403 1.40057 -1.31589 2.30829 -2.63591 0.768146 -0.230474 -0.312729
42 -1.62206 -0.248601 -0.249446 0.805344 -0.694409 1.90202 -1.03731 0.715998 -1.06687 -0.133293
43 -1.25522 0.901294 0.0670718 0.347725 -0.187506 1.16127 -1.74119 0.420489 -0.635222 -0.558618
44 -0.982068 0.271271 1.39517 1.42422 -0.887425 0.482645 -2.84446 1.19187 -1.60812 -1.316
45 -1.32062 0.0814022 0.400112 1.054 -1.22637 1.1019 -0.86411 0.828383 -1.57093 -0.627674
46 -0.667368 0.442476 0.917264 0.125402 -0.477839 -1.95915 -0.472248 0.619262 -0.746419 -1.16113
47 -0.632159 1.40805 0.630435 0.89947 -1.13387 -0.377958 -0.559147 0.707473 -1.69326 -0.964105
48 -0.02937 1.16639 1.07812 0.910743 -0.812777 -0.948805 0.173151 0.67124 -0.844074 -0.96132
49 1.08499 0.428077 0.608442 0.756268 -1.01988 -2.26649 1.39116 1.09563 0.0828484 -0.595164
50 -1.07577 0.338964 0.777635 0.439805 -0.288434 0.838023 -1.496 0.9553 -1.48574 -1.19317
51 0.772575 1.91058 0.520429 0.612126 -1.03915 -2.4697 0.343168 0.559577 -0.802995 -0.664234
52 -0.747424 -0.0425284 0.367348 0.978985 -0.333055 1.1352 -1.29853 0.481373 -0.497102 -0.435474
53 -1.34232 0.359187 0.932019 1.26837 -1.10432 1.08786 -0.814065 1.36983 -1.02482 -1.13385
54 -0.250624 1.00705 0.879274 1.44478 -1.3286 -0.0458771 -1.07162 1.51156 -1.21367 -1.20141
55 -1.02571 0.821399 0.623533 1.43124 -1.40507 1.32289 -0.556564 1.01054 -1.56305 -1.39574
56 -1.84306 -0.190849 0.0902467 1.11825 -1.6064 1.93784 -2.15361 1.40358 -1.35948 -0.24964
57 -2.12055 -0.243775 0.425033 1.37274 -1.73492 1.58355 -1.60917 1.58248 -1.04479 -0.799997
58 -1.6503 1.02304 1.09792 0.344381 -0.407107 0.236994 -1.78057 0.960713 -0.200744 -0.214381
59 -1.58373 0.725823 0.483673 0.629562 -0.423555 0.110483 -0.665787 0.606619 -0.392881 -0.643569
60 -0.760964 1.14856 1.12588 1.40871 -0.999894 -0.540307 -1.14524 1.02571 -1.24849 -1.30848
61 1.12088 2.07181 1.07515 0.775416 -0.492589 -2.97944 1.2538 0.55338 -1.39136 -1.06879
62 -0.600072 1.3853 1.32145 1.35301 -0.712147 -1.29599 0.0980578 1.07615 -1.85457 -1.18477
63 -1.53269 0.868723 0.680067 0.935362 -1.23327 -0.265463 -1.28573 1.32939 -0.141798 -1.87691
64 -0.139203 1.47707 1.3417 1.12869 -1.11859 -1.3571 0.147733 0.988724 -1.28889 -1.06546
65 -2.20061 0.194841 0.19752 0.97379 -1.05527 1.00134 -1.26235 0.98651 0.0754573 -1.12476
66 -0.589544 1.32433 0.750949 0.781293 -0.416533 -0.118729 -0.210092 0.728764 -0.893253 -0.758368
67 -1.0052 0.0661217 1.08024 3.46483 -0.188344 -2.2778 -1.09463 2.0179 -2.0403 -1.00333
68 -1.05283 0.912972 0.754345 1.00909 -0.938528 -0.380556 -0.689473 0.62909 -0.889299 -1.00511
69 -1.83928 0.18877 1.2687 0.276633 -0.701421 -0.665795 -1.20633 0.941225 0.0179889 -0.894908
70 -1.40356 0.719956 0.202053 0.871044 -0.659579 1.17882 -0.85008 0.724527 -0.847074 -0.719798
71 -1.20784 0.775603 0.231101 0.902066 -0.663104 0.493439 -1.06553 1.0056 -0.772094 -0.896179
72 0.655658 1.40676 0.736559 0.714715 -0.604743 -3.37693 1.11563 0.195837 -1.37796 -0.401825
73 -1.00985 -0.0673222 0.892686 0.248202 -0.0342685 -1.05448 -1.22737 1.05231 1.09386 -1.31941
74 -0.582834 0.949797 1.15276 0.874795 -0.738693 -0.337923 -0.864533 1.23396 -0.607946 -0.736954
75 -0.535848 1.93092 0.912115 0.674039 -0.973615 -1.49499 -0.144112 0.654451 -0.691921 -1.09734
76 -0.184638 1.14526 1.22187 1.23479 -1.28405 -1.06238 -0.510992 1.24557 -1.19329 -1.07073
77 -0.504717 1.23984 0.660469 0.970894 -1.30181 0.138981 -0.850784 0.86124 -0.980831 -1.29828
78 -1.69086 0.281336 1.13079 0.727596 -0.40305 1.4026 -0.738128 0.38145 -0.206727 -0.389166
79 0.697509 1.40323 0.420144 1.11222 -0.514279 -1.12845 0.395416 0.742473 -1.67156 -0.791093
80 -1.15654 1.07866 0.925454 1.01288 -1.12482 0.774841 -0.857079 1.02517 -1.25571 -1.0082
81 -0.220293 1.20477 0.936612 1.19701 -0.387787 -0.597926 -0.167143 0.625056 -1.56485 -1.76124
82 -1.30998 1.02996 1.20485 1.04763 -1.02765 -0.857373 0.103856 0.990106 -0.719002 -1.06271
83 -3.10223 -0.629729 0.0422251 -0.216467 -1.28528 1.78421 -2.10198 1.88511 0.196441 -0.703021
84 -1.38136 -0.6176 0.0667597 0.0150687 -0.478194 1.6276 -1.00719 0.293597 -0.232013 -0.576405
85 -0.450841 1.21357 1.20744 1.05617 -0.77141 -0.380925 -0.448526 0.941813 -1.06012 -0.992369
86 -1.31491 0.45154 1.02019 0.652213 -1.03896 -0.0576351 -0.735975 1.03525 -0.972516 -0.905269
87 -0.612658 0.880298 0.921568 0.917566 -0.895181 -1.18477 -0.536417 0.0125096 -0.854713 -0.859706
88 0.681263 -1.48514 2.08499 0.697322 -0.166919 -1.94642 1.02941 -1.78925 -1.28677 -1.00434
89 -1.26648 -0.612243 -0.285136 -0.121672 -0.876848 1.56866 -1.03835 0.449783 0.306929 -0.699615
90 -0.038036 0.10517 1.29554 0.754669 -0.874803 2.28888 -1.74184 1.30343 -1.94401 -0.718021
91 -0.922716 0.892781 0.530588 0.917 -0.860975 -0.321651 -0.608564 1.08718 -0.680894 -0.768598
92 -1.73284 0.139575 1.01255 1.20134 -0.471513 0.913047 -0.890163 0.965972 -1.23158 -0.767166
93 -1.12546 -0.0826389 0.210292 1.37884 -1.50165 1.29456 -0.758432 0.850792 -1.66367 -0.66403
94 -0.919842 0.740223 1.37181 1.012 -0.555045 -0.0201622 -1.7826 1.16323 -0.727595 -0.965658
95 -1.35613 0.62325 0.966811 0.960612 -0.631434 0.0660761 -1.42581 1.01484 -0.737601 -0.62777
96 -0.497598 1.19326 1.01311 1.03729 -0.851124 -0.637946 -0.563355 0.895474 -1.21517 -0.945828
97 0.125453 1.34348 0.989854 0.720778 -1.28369 -1.69691 0.511849 1.12181 -1.479 -0.621726
98 -0.757294 -0.335639 0.42385 1.36166 -1.06693 1.5479 -1.00986 1.14825 -1.71265 -0.891823
99 -1.37963 0.0657285 1.12111 0.62896 -0.803253 0.622019 -2.33194 1.17296 -0.305464 -0.573325
100 -1.27237 0.285807 1.37621 0.327923 -0.58652 0.394734 -1.29146 0.305031 -0.257953 -0.773324
101 -1.78634 -0.0206096 0.654762 1.37465 -1.25356 1.22935 -1.35716 1.23964 -1.40011 -0.832487
102 -0.454287 0.44097 1.22072 0.779634 -0.612238 -2.57927 -0.512791 0.62486 -1.02049 -1.03305
103 -0.194032 -0.553251 0.75004 -0.192946 -1.26419 -1.55342 -1.01505 1.96083 0.0527431 -0.957315
104 -1.35699 0.198887 1.23979 -0.806709 0.228791 -4.23266 2.14501 -0.585692 -1.34692 -2.15501
105 0.119585 1.09985 0.909197 0.735167 -0.558047 -1.70483 0.742366 1.07569 -1.38358 -0.699071
106 -1.31972 0.199503 0.633197 1.16112 -1.24187 0.839256 -0.996492 1.42286 -1.23624 -1.32194
107 -0.856611 0.121522 0.587414 -0.282726 -1.46124 0.767577 -1.15498 1.19892 -0.232311 -0.623821
108 -1.83161 -0.241739 0.283495 0.981201 -0.883499 1.52722 -1.2953 1.19776 -0.91106 -0.564679
109 -1.54149 0.294121 0.242362 0.51553 -1.06581 -0.0759976 -0.957769 0.536599 -0.737125 -0.749463
110 1.05759 0.770991 -1.29382 1.87505 -2.75182 -3.0281 1.24965 0.955101 -0.204986 -0.289621
111 -0.981684 1.21511 1.23674 1.57065 -1.63487 -0.00479393 -0.609566 0.988114 -1.739 -1.166
112 -2.09607 -0.821604 0.082531 -0.652595 -1.15818 0.732846 -2.19458 0.787407 0.00657877 -0.264208
113 0.154016 0.967917 0.14956 0.423795 -0.275302 -1.421 0.274618 0.818917 -1.07621 -0.796637
114 -1.45687 0.942703 0.586144 1.20447 -0.878534 1.0474 -1.11997 0.841967 -1.08004 -1.05268
115 -1.5459 0.532748 1.28063 1.20298 -1.25069 -0.0661278 -1.77697 1.22877 -0.712977 -0.964716
116 -1.908 -0.394753 -0.0570176 1.16566 -1.11854 1.8696 -1.34797 1.50683 -1.29656 -0.666948
117 -1.57556 1.0842 1.12343 0.845158 -0.782243 0.212475 -0.846042 0.872982 -0.396663 -1.21453
118 0.775446 0.840136 0.735579 1.23804 -1.01983 -1.96749 1.42121 0.779197 -1.1304 -0.464628
119 -1.17474 0.861551 0.011367 0.790821 -0.601145 0.734576 -1.43971 0.974632 -0.834288 -0.650402
120 -1.76304 -0.0661124 0.674739 1.10875 -1.01457 1.32388 -1.00025 0.857065 -1.36281 -0.940957
121 0.351989 2.26165 0.849576 0.643893 -0.812723 -1.79821 0.385532 0.6283 -2.06083 -1.242
122 0.12188 1.33494 0.606168 0.783104 -1.2444 -1.31144 0.225352 0.332028 -1.05179 -0.77287
123 -0.845827 0.754784 1.15152 0.912468 -1.05774 0.0167632 -0.852364 0.822007 -0.913285 -0.850902
124 1.4209 2.56924 2.22682 -0.352804 -1.15493 -1.40286 1.76104 -0.0225669 -1.16295 0.820555
125 -1.32426 0.335019 1.10005 1.23408 -1.32883 1.03233 -1.08615 1.09904 -1.42021 -0.89844
126 -0.879883 0.844511 1.09124 0.889854 -0.767408 -0.113814 -1.253 1.21301 -0.653642 -0.485484
127 -1.65093 -0.0604644 0.533943 -0.146945 -0.475552 -0.434247 -1.3555 0.76482 0.285882 -0.529813
128 -0.378542 1.2718 1.09791 1.7937 -0.986342 -1.06816 -1.41077 1.38345 -1.20808 -1.49599
129 -1.43245 -0.137319 0.49999 1.30206 -1.38646 0.850106 -0.807931 1.22008 -1.44557 -0.6934
130 -1.19629 1.42414 1.28089 0.966872 -1.57563 -0.243418 -0.490932 1.29586 -0.681463 -1.18757
131 -0.951427 -0.236457 1.8393 0.563991 -1.32459 -0.780381 -1.10517 1.58425 -0.738152 -1.75655
132 -1.31786 0.438065 0.858299 1.05182 -1.158 0.647506 -1.2318 0.914728 -1.42686 -0.900259
133 -1.49105 -0.00204336 0.918246 1.25861 -1.30609 1.14138 -0.861776 1.2224 -1.27168 -1.10578
134 -2.08882 0.472202 0.787247 0.770562 -0.900051 1.39334 -1.59795 0.952832 -1.30607 -0.551443
135 -1.50191 -0.0565057 0.458945 0.860925 -1.01922 1.80098 -1.06103 0.701097 -1.61012 -0.357927
136 -1.80435 0.473446 0.814447 0.545692 -0.548471 -0.879921 -1.57427 0.331572 -0.261043 -0.862465
137 -0.81027 0.733418 0.179442 0.398182 -0.742435 0.563787 -0.924859 0.808745 -0.578298 -0.93901
138 0.504814 1.46849 0.367308 1.23447 -0.97915 -2.24197 0.37591 0.683545 -1.01148 -1.30421
139 -1.16212 -0.417959 0.293426 1.44022 -1.26559 1.0355 -1.76734 1.27387 0.112549 -1.02059
140 -0.200804 1.35821 1.27508 1.74276 -1.5817 -1.29747 -0.317187 1.14488 -1.47136 -1.68588
141 -0.889911 0.238326 1.04766 1.55641 -1.40863 0.973553 -0.72075 1.51701 -1.32018 -0.820553
142 -0.0171943 0.701989 0.330959 0.658149 -0.88339 -1.73679 0.378496 0.682312 -0.768798 -1.07635
143 -1.38906 0.73855 0.814925 1.24255 -1.1937 0.144311 -1.08072 1.27843 -1.08494 -1.63421
144 -1.26674 0.990755 0.957785 1.09391 -1.08252 0.723488 -0.79453 1.14694 -1.2005 -1.03985
145 -0.398848 0.652223 0.463638 0.657731 -0.578166 -0.86712 -1.32254 0.199913 -0.695261 -0.431885
146 -1.31089 0.208764 0.575324 0.914563 -0.629245 0.746498 -1.31268 1.1553 -1.13938 -0.780018
147 0.146126 1.47285 0.887583 0.957415 -1.00582 -1.64065 0.419777 0.84858 -1.37524 -1.12733
148 -1.24466 0.393193 1.10707 1.34638 -0.73823 1.30545 -1.03566 0.851392 -1.69527 -0.509252
149 -1.4255 0.440697 0.227333 0.609939 -1.01208 0.91942 -1.22015 1.08057 -0.427044 -0.886999
150 -1.47232 0.652488 -0.5577 0.169194 -0.132709 1.41601 -1.39323 0.719989 -0.341077 -0.366209
151 -0.690164 1.40306 1.05023 0.65674 -0.254727 -1.83374 0.357997 0.574351 -1.64653 -0.847523
152 0.224719 0.667471 0.695053 0.738616 -1.16468 -1.57587 0.333886 0.522943 -1.3788 -1.14296
153 0.429861 1.79976 0.348464 0.783135 -0.466229 -1.65913 1.05172 0.285054 -1.36711 -0.749231
154 -0.507376 0.318867 0.224125 1.12613 -0.375842 0.780376 -1.24691 0.544342 -1.1885 -1.01663
155 -3.21167 -0.776931 0.0335228 1.05133 -1.64673 0.120612 -1.52464 0.121147 1.05117 -0.579752
156 -1.05909 1.03286 1.18136 0.696774 -0.809614 -0.521131 -1.13392 0.536568 -1.03254 -0.807142
157 -0.761151 1.4875 0.337483 0.925181 -0.637823 -0.260523 -0.261287 0.882138 -0.484664 -0.764748
158 -0.868863 0.640568 1.47775 1.3082 -1.04637 -1.59717 -0.207961 1.43883 -1.08344 -1.07257
159 -0.66637 1.23303 1.09959 1.19033 -0.974302 1.91795 -1.95657 0.769479 -0.986544 -1.02375
160 -0.519771 0.0952102 0.813095 0.766456 -0.90132 -0.359385 -0.889587 0.75314 -1.11997 -0.795355
161 -1.64147 -0.283803 0.59263 1.15003 -0.937578 0.930692 -1.12905 1.59808 -1.06802 -0.804616
162 -0.813696 0.710202 1.49317 1.34798 -0.275131 -0.040874 -0.746866 0.583611 -0.790727 -0.568961
163 -0.729345 0.869181 0.485329 0.626031 -0.843881 0.570265 -0.776803 1.03879 -0.868327 -0.682333
164 -0.720961 0.62942 0.514928 0.361873 -1.05453 -0.0623798 -1.20537 0.431094 -0.962301 -0.801452
165 -0.694683 1.26181 0.789449 1.13827 -1.11431 -1.03982 -1.02932 1.29382 -1.08225 -1.3399
166 -1.04276 1.06735 0.327207 1.60217 -1.23069 -0.355306 -1.53557 1.76671 -1.45565 -0.846427
167 -1.39301 0.928095 1.48365 -0.103911 -0.16419 -0.967086 -1.5781 1.81926 -0.499543 -0.82011
168 -1.35392 -0.101066 0.600693 1.05922 -1.24561 -1.12901 -1.75787 1.34231 -0.276215 -0.886821
169 -1.22326 0.247781 0.120731 1.56722 -1.50313 1.19416 -1.25594 1.2051 -1.50734 -0.810878
170 -1.83354 0.402885 0.638302 0.188256 -0.329449 0.854718 -1.25874 0.636643 -0.476507 -0.829784
171 -1.18182 0.438584 1.10029 0.810218 -0.932701 0.173541 -1.18237 0.740841 -0.458804 -0.810847
172 -1.06113 0.135882 0.353882 0.674078 -0.760007 0.914186 -0.960202 1.15584 -1.23599 -0.47889
173 -1.57939 0.00342216 0.215957 1.39749 -1.05703 1.33554 -1.02268 0.998802 -1.5375 -0.69412
174 -0.355232 0.320496 0.163132 -0.230011 -0.54702 -0.753451 0.191796 0.720952 0.567152 -0.0756002
175 -1.22464 0.437418 0.61021 1.34211 -1.35831 0.877216 -0.995415 1.20962 -1.49895 -1.15503
176 -1.10003 0.0727423 0.124972 0.122081 -0.67487 -2.85471 0.091784 2.58443 -1.09848 -1.93281
177 -1.21558 0.899264 1.12912 0.928127 -0.581328 0.274734 -0.646829 1.02444 -0.541215 -1.1182
178 -1.82243 0.38163 0.158493 0.737641 -1.05658 1.24383 -1.35251 1.06626 -0.775273 -0.579517
179 -1.40875 0.537522 0.512836 0.731551 -0.989386 0.042782 -0.816827 0.7245 -0.786537 -1.06599
180 -1.5531 -0.20518 -0.344178 1.00434 -1.21637 2.11926 -1.17861 0.607172 -1.00033 -0.531662
181 -1.83172 2.16534 2.25914 -0.325976 0.228017 1.70155 -0.804989 0.812323 0.0584945 -1.53319
182 -1.27186 1.09517 1.10336 0.740049 -1.00528 1.25026 -0.967438 1.2539 -0.920776 -0.366468
183 1.42668 1.91939 0.477225 -0.141357 0.658314 -1.82087 2.43371 -0.282681 0.00144602 -0.758528
184 -0.839712 0.989739 0.780825 0.753712 -1.19011 -0.709863 -0.677647 1.38137 -0.322962 -1.30531
185 -1.5998 0.637011 0.890039 0.946492 -0.187533 0.81718 -2.46527 0.304738 -0.264431 -0.229558
186 -1.33649 2.08544 0.0775995 -0.0128508 -0.275036 -0.259814 -0.62503 1.76061 -0.516589 -1.00138
187 -2.36228 -0.464933 0.79899 -0.231695 -0.607568 0.120556 -1.48714 0.55018 -0.180702 -0.285329
188 -0.302204 1.17235 0.892607 0.898283 -0.648809 -0.944795 0.01136 0.606708 -1.01952 -0.663848
189 -0.492441 1.11033 0.796806 0.898946 -0.512713 -1.91227 -0.485461 0.871809 -0.807336 -0.820525
190 -1.6294 -0.207689 -0.332542 0.0441266 -0.111714 1.73993 -0.827877 1.10636 -0.658319 -0.36415
191 -0.740216 -0.0473553 0.317113 1.01747 -1.16241 1.0146 -0.841851 1.00647 -0.719927 -0.999387
192 -0.779792 0.813004 0.818686 0.494056 -0.778556 -1.04409 -0.41835 1.22217 -0.50805 -1.1019
193 -1.11329 0.84956 1.02371 1.43385 -1.00251 0.108467 -0.840457 1.0115 -0.878001 -0.942791
194 -1.6668 0.510439 0.945605 1.01223 -1.03926 1.37729 -1.50824 0.791719 -0.0470703 -1.35296
195 -0.196317 1.15978 0.991113 1.26096 -0.784195 -0.504059 -0.735537 0.722294 -1.10785 -1.37515
196 -1.00343 0.843481 0.952692 1.05675 -1.12148 0.105911 -0.801163 0.765944 -0.963746 -0.430069
197 -1.2764 0.827893 2.40394 0.40497 -0.515319 0.864795 -0.974191 0.521867 -0.214046 -1.0377
198 -1.38714 -0.410213 1.40242 0.371352 -0.276405 -0.03154 -1.58141 0.943362 -0.785133 -1.09738
199 -0.696441 0.918879 1.03677 1.63354 -1.11873 -1.84522 -1.05376 1.381 -1.02543 -0.882368
200 -1.54986 0.938081 1.26243 1.23147 -1.56149 1.14898 -1.90548 1.54058 -1.11952 -1.31342
201 -3.22617 -0.190835 1.62618 0.24458 -0.617427 1.35681 -1.5602 1.28547 -0.674477 0.544749
202 -0.80481 1.06381 1.40052 1.23372 -0.98271 -0.41878 -0.770104 1.5341 -1.21836 -0.959743
203 0.504057 1.15363 0.524514 0.936575 -0.530262 -0.874709 0.365266 0.792996 -0.610122 -1.20085
204 -0.327807 1.38871 0.728845 0.715676 -1.149 -1.18486 0.339282 0.999656 -0.85099 -0.926635
205 -1.20767 0.506567 0.314914 0.512855 -0.851416 0.933011 -1.15538 1.03872 -0.573909 -0.701849
206 -0.763113 0.76469 0.611341 0.566843 -0.659536 0.201673 -0.873191 0.484572 -1.39427 -0.911543
207 -1.13775 1.22346 1.02187 1.2074 -1.18814 0.660768 -1.04886 1.03252 -1.14434 -1.13825
208 -0.260198 1.54153 1.46917 1.26503 -1.13949 -1.28711 0.339413 0.380666 -0.878449 -0.871122
209 0.291756 1.26811 0.215804 0.934171 -0.567596 -1.74603 1.50367 0.13079 -1.52675 -0.238666
210 -0.226303 1.77759 0.960923 1.71031 -1.34039 -1.32248 -0.0828349 1.22721 -1.26349 -1.83352
211 0.935291 2.15885 0.670624 0.929678 -0.468431 -1.8739 1.18643 0.518181 -1.93518 -0.392776
212 0.614929 1.41167 0.154649 0.88129 -0.480255 -0.849216 -0.725606 0.339749 -1.42229 -0.799948
213 -0.819503 0.645425 -0.283231 0.420569 -0.24129 0.708988 -1.31135 0.364161 -0.818097 -0.210707
214 -1.21812 1.0262 1.24317 0.718784 -1.5471 -0.623412 -1.01124 0.887721 -0.378454 -0.48656
215 -2.34694 0.327688 0.703642 0.717262 -1.03012 0.733745 -1.77681 1.10725 0.157197 -0.265743
216 -2.21948 -0.388575 0.317055 1.01379 -0.701671 2.38752 -2.6832 -0.426622 -1.70126 0.41952
217 -1.19062 0.602357 0.826495 1.1891 -0.919075 -0.111775 -1.26576 1.28759 -0.962492 -0.780768
218 -0.600429 2.34755 0.323529 1.24196 -1.11716 -1.35304 -0.506099 1.11313 -1.87908 -1.51261
219 -0.268257 1.12088 0.635682 0.985127 -2.20361 -0.884184 -0.123553 0.843544 -1.14073 -0.955518
220 -2.73945 0.697523 1.75468 -0.293115 -0.0889194 -1.20366 -2.30038 0.568572 0.792878 0.104998
221 0.351851 0.810612 2.24023 0.979327 -0.590689 -1.29564 0.557503 0.88504 -1.14228 -0.709542
222 -0.613366 1.0735 1.19748 1.60187 -0.711533 -0.276574 -0.591899 1.01062 -1.53735 -1.28268
223 -1.18392 0.313686 1.01853 1.15011 -1.25215 0.17922 -1.4155 0.909296 -0.402716 -0.662849
224 -1.08096 0.242582 0.909566 1.08053 -0.9112 0.748396 -1.11808 0.80528 -0.450738 -0.68012
225 0.00869642 0.287388 0.487759 2.02201 -0.400878 -0.5685 -2.19678 0.435267 -0.871675 -1.75121
226 -0.484689 0.845462 1.33884 0.873776 -0.984901 -1.35149 0.895524 0.941404 -1.12534 -0.768657
227 -1.04599 1.01034 0.189594 1.53512 -1.27007 0.48776 -1.03889 1.22663 -1.27334 -1.3966
228 -1.67834 0.0133555 0.402509 0.803444 -0.904455 1.36041 -0.606623 1.26951 -0.91454 -0.97605
229 -0.586869 0.974002 0.865446 1.77439 -1.17289 -0.510708 -0.921142 1.39278 -1.19438 -0.850802
230 -1.00046 1.05408 1.1118 1.04586 -1.09182 -0.36597 -0.668499 0.948693 -1.01557 -0.864768
231 0.530272 0.923307 -1.28341 0.777482 -1.89644 -3.36207 0.663224 2.64046 0.543881 -1.67857
232 0.273937 1.37037 1.21852 0.723237 -0.436713 -1.28577 0.648729 0.704066 -0.986242 -1.42475
233 -0.742092 0.823657 0.38691 1.60116 -0.798149 1.34088 -1.55286 0.549737 -1.3102 -0.725112
234 -1.92381 -0.103328 0.256376 0.821625 -1.46499 1.114 -0.809466 1.32044 -1.02477 -0.601459
235 -0.792249 0.232947 0.506048 1.13663 -1.03611 0.55458 -1.32075 0.677901 -1.09743 -1.07344
236 -0.667944 1.18438 0.910207 0.981344 -0.603007 -0.571007 -0.739517 1.27575 -1.28213 -0.831852
237 -1.09731 0.597399 0.372945 0.402127 -0.308796 -0.134972 0.0495526 -0.107487 -0.427432 -0.150177
238 -1.0658 1.14972 1.507 1.47085 -1.46078 -0.361502 -0.843207 1.08845 -1.67369 -1.26886
239 -1.43381 0.418056 0.0523378 1.69604 -1.25448 1.6323 -1.08494 0.723946 -1.87057 -0.8237
240 -0.634591 0.776019 1.89324 0.724578 -0.493126 -1.78429 0.657126 0.892918 -0.851212 -0.627613
241 -1.44246 0.12756 0.500665 1.13861 -1.22463 1.04546 -0.685965 0.91953 -1.18241 -0.673323
242 -1.34701 0.364557 0.344624 1.0977 -0.900209 1.10458 -0.908319 0.921897 -1.42699 -0.789708
243 -1.89617 0.63 0.550882 0.593592 -0.435357 1.65443 -1.33897 0.643818 -0.700985 -0.585574
244 -1.23843 0.852724 0.0942877 0.483355 -1.04335 -0.292827 -1.01986 0.633571 -0.583141 -0.156211
245 0.240784 1.14465 0.690938 0.432478 -1.10515 -1.21106 0.406483 1.64142 -0.988792 -1.49534
246 -0.109206 2.04145 1.0813 1.52489 -1.3854 -1.4839 0.249807 1.00934 -1.56485 -1.18235
247 0.278782 0.992152 0.242844 0.532926 -0.701153 -1.40761 0.781082 0.618611 -1.17526 -0.895411
248 2.06769 3.07562 0.0476039 1.19289 -2.01587 -2.68784 0.729473 1.20044 -2.51504 -0.245106
249 -1.25866 0.3391 1.33428 0.368917 -0.89654 -0.269773 -1.39162 0.953728 0.111541 -0.461223
250 -0.792753 0.888708 0.677664 0.460764 -0.957262 -0.584833 -0.348409 1.1542 -0.606782 -1.065
251 0.600221 1.21598 0.716113 0.750347 -0.976584 -1.361 0.73533 1.02004 -0.844402 -0.563035
252 -1.33431 -0.0102693 1.38243 -0.142344 -0.474447 -1.05904 0.0948305 0.742817 0.405255 -0.475692
253 -0.692709 0.961458 1.18642 1.05166 -0.327608 -0.504738 -0.815467 1.17636 -0.502503 -0.997335
254 -1.0414 0.637642 0.819216 0.604372 -0.528495 -0.254066 -1.45952 0.616995 -0.541357 -0.547857
255 0.36526 1.27942 1.04167 0.894929 -0.726774 -1.29109 0.669322 1.1647 -1.029 -0.534129
256 -1.15786 1.17564 0.814731 1.17438 -1.18393 0.27104 -1.20725 1.21298 -1.12089 -1.18825
257 -0.250368 1.39768 0.82371 1.07992 -1.18183 -1.29486 0.111724 0.800389 -1.38435 -1.11936
258 -0.94311 0.815294 0.851331 0.663292 -0.936792 -0.0801213 -0.505262 1.10152 -1.33103 -0.765641
259 -1.45185 0.464094 1.53031 -0.159863 -0.808958 0.441245 -0.488123 0.808228 -0.0783335 -0.643117
260 -0.341142 1.4973 1.53539 1.02553 -0.815453 -0.844813 -0.543282 0.609506 -0.755764 -1.02446
261 -1.44995 -0.339156 0.0752191 0.247216 -0.68143 1.9435 -1.39567 1.01332 -0.159261 -0.336341
262 -1.52955 -0.060858 1.55092 0.359278 -0.84478 -0.137904 -0.830205 1.55127 -0.618257 -1.0531
263 -1.17726 1.3223 0.651177 1.37897 -1.28647 0.110907 -1.25146 1.46394 -1.46222 -0.913754
264 -1.9703 0.175151 1.06477 0.901323 -0.649714 1.30114 -1.17837 0.594394 -0.159414 -0.257576
265 -2.19364 1.66514 0.81928 0.846937 -0.858736 1.25953 -1.36792 0.575606 -0.608632 -1.03927
266 -1.12857 1.50335 0.671865 1.17509 -0.872174 0.598681 -0.90065 1.80497 -0.947457 -1.50788
267 -2.36508 0.727561 1.83897 0.561225 -0.565185 0.788112 -1.20312 -0.223353 0.176481 -0.593854
268 -0.740555 0.651432 -0.118708 0.363155 -0.301975 0.792446 -1.55187 1.24283 -0.283397 -1.02863
269 -1.38454 0.654806 -0.156551 0.156912 -0.574883 1.34545 -1.87438 1.16312 -0.340151 -0.367671
270 -1.14862 0.914833 0.685786 0.815194 -0.681508 0.227103 -1.11789 0.790638 -0.752544 -0.966902
271 0.176647 1.5943 1.15209 0.928992 -1.35561 -1.20774 0.202145 0.879007 -1.5642 -1.01397
272 -1.46174 0.484312 0.252608 1.24544 -1.15173 1.3915 -1.30777 1.52682 -1.43625 -0.801199
273 -0.00664265 3.40539 -1.3721 3.18075 -1.07349 -0.146181 -0.102764 -0.629281 -0.350849 -2.84888
274 -2.9084 -0.670861 2.02787 -0.931816 -0.939476 0.987321 -0.859363 0.64726 0.308313 -1.49032
275 -1.11334 1.05284 0.033029 0.723148 -0.575473 0.592028 -1.5134 0.571393 -0.713693 -0.986606
276 -0.90141 1.00824 -0.188606 0.803398 -0.756428 0.883941 -1.35446 0.595779 -1.15103 -0.790255
277 -1.24011 0.478654 1.09781 1.01517 -0.974787 0.427991 -1.14292 0.680846 -0.575578 -0.46158
278 0.450967 2.27063 1.02051 0.98439 -1.14678 -1.81259 0.691836 0.386224 -1.91091 -0.966038
279 -0.721234 0.448582 0.684659 0.636899 -0.505727 -1.73819 -0.322112 1.76733 -0.100658 -0.890521
280 -1.10912 0.329821 0.80949 1.06368 -1.15031 -0.0523655 -0.85707 1.36685 -1.50084 -1.00339
281 -0.560405 1.43564 1.6503 1.60433 -1.51675 -1.32944 -0.966168 0.710594 -0.996152 -1.58525
282 -1.12003 0.793896 1.29282 0.703547 -1.08036 0.564064 -1.30857 1.22997 -1.17581 -0.961225
283 -1.3392 0.433846 0.368176 0.926905 -0.65789 1.49904 -1.35198 0.996328 -1.2509 -0.812102
284 -1.26442 0.611126 0.95621 0.637526 -0.680502 -0.816949 -1.1118 0.874927 0.107943 -0.621119
285 -1.03355 0.721934 0.999114 1.22343 -1.344 -0.127885 -0.720315 1.12782 -1.13682 -1.06851
286 -1.25637 0.794098 0.934393 0.577557 -0.413165 -0.0903297 -2.2126 0.674489 -0.451205 -0.757648
287 -1.58659 0.541578 2.73287 1.64157 -0.570745 1.23817 -0.982617 0.742193 -1.5889 0.590927
288 -0.471265 0.600625 0.541516 0.355085 -0.218416 -0.290022 -0.991064 0.680328 -0.355009 -0.447618
289 -4.06936 0.501945 -0.179953 -0.0100841 -0.944377 0.26845 -1.62895 0.750814 0.721968 -0.58711
290 0.380317 1.33699 0.618432 0.493219 -0.642391 -1.62927 0.526514 0.305172 -1.62054 -0.709683
291 0.990849 0.654648 0.654318 1.0075 -1.464 -0.859087 0.13312 1.4487 -1.79761 -0.814679
292 -0.683734 0.483557 0.430783 0.665083 -0.77387 -0.0142041 -0.630921 1.10738 -0.522542 -0.907251
293 -1.59529 0.30084 0.756953 1.20525 -0.923394 2.10434 -2.20717 -0.0780821 -1.03642 0.186407
294 -1.23561 1.29353 1.63864 1.18808 -1.51049 -0.603671 -0.586013 0.943496 -1.11474 -1.62504
295 -0.450637 0.670923 0.078342 0.419958 -0.385752 -0.311332 -0.0288254 0.659182 -0.552546 -0.768278
296 -1.07564 0.027481 0.0313852 0.729923 -0.68621 1.62706 -1.16808 0.654075 -1.48945 -0.311669
297 -1.05624 1.13531 0.809156 0.578492 -2.18619 -3.04 2.02448 0.741502 -1.48688 -0.326549
298 -0.693894 0.948525 0.560532 0.960422 -0.534065 0.290109 -0.60354 0.914961 -0.998327 -1.25974
299 -0.857233 1.03084 1.40678 1.30931 -1.10901 -1.17539 -0.178971 0.767625 -1.26964 -0.770292
300 -0.862752 0.795687 1.02423 0.75677 -0.913438 0.146551 -1.46471 1.17497 -1.02916 -0.973707
301 -1.17746 0.169673 0.233178 0.795009 -1.09398 0.985683 -1.33166 1.04737 -0.520192 -0.770801
302 -1.34622 0.835805 1.12484 1.24596 -0.746121 0.191835 -1.46129 1.07882 -1.14301 -0.779607
303 -1.69209 -0.14211 0.916086 1.30075 -0.791086 1.48672 -1.38709 1.48503 -1.7047 -0.731884
304 0.73195 3.01395 1.1116 0.132655 -2.13271 -1.7032 1.24597 0.426031 -1.71282 -1.23134
305 1.82511 1.01565 -0.40409 1.21324 -0.625686 -2.31182 0.867255 -0.275748 -0.656013 -0.185302
306 -0.994295 1.97491 0.855921 0.909892 -0.785609 -1.1063 -2.03342 -0.753545 -0.0555664 -0.278809
307 -0.863122 1.44722 1.09743 1.35298 -1.84189 -0.995107 -0.0579985 0.959659 -1.59056 -1.61591
308 -1.62723 0.0138703 0.668507 -0.180311 -0.197765 -1.07797 -1.69088 0.825485 0.425422 -0.899193
309 -0.699112 0.21208 0.196815 1.30101 -0.620045 0.443271 -1.43158 0.0917522 -1.00285 -0.694579
310 -0.667575 0.291945 0.820757 0.367152 -0.358512 -0.136784 -0.896455 0.64824 -0.461926 -0.641377
311 -1.46123 0.617837 0.993772 0.686753 -1.14012 0.900035 -1.04734 1.25489 -0.990615 -1.24077
312 -0.83702 1.12799 1.61865 1.35767 -0.432745 1.97363 -1.56984 0.265426 -0.878743 -0.598135
313 -1.65485 -0.104104 0.210929 0.855531 -1.57038 1.8945 -1.23233 1.55021 -0.948836 -0.425469
314 -1.54315 0.390107 1.11888 0.409472 -0.825512 -0.168888 -1.07479 0.395355 0.39633 -0.601
315 -1.3896 1.13925 1.00737 1.02126 -0.418639 0.0660119 -1.47045 1.43153 -0.964864 -0.878731
316 -0.846939 1.64152 0.991092 0.662829 -0.804913 -1.23115 -0.087808 0.454759 -0.824272 -1.04966
317 1.61505 -0.0351043 0.624522 0.94299 0.0738532 -1.99104 1.94373 2.94517 0.0826737 -2.19229
318 -0.135796 1.59131 0.805786 1.39783 -1.25041 -1.43362 0.38637 1.01264 -1.64176 -0.987302
319 0.349828 1.23148 0.519698 0.782775 -0.402096 -0.186749 -0.305776 0.266916 -1.04042 -0.407539
320 -1.25051 0.0399818 0.842861 1.0923 -1.01387 1.26097 -1.20205 1.02831 -1.55294 -0.662759
321 -1.50761 0.671622 1.30126 1.03523 -0.623727 -0.485478 -1.38236 0.731041 -0.751517 -0.678449
322 -0.768498 0.415424 0.811475 1.58731 -1.09778 0.532979 -0.502597 1.02505 -1.53142 -0.646688
323 -0.425775 0.532417 -0.0837291 0.373098 -0.192628 0.138606 -0.744693 0.817568 -0.322836 -0.586196
324 -2.20405 -0.132712 0.966952 -0.347833 -0.778178 0.935876 -1.12415 0.191967 -0.0377331 -0.798067
325 -0.832447 0.55575 0.964469 0.558562 -0.328888 -2.19065 0.397662 0.413707 -0.633083 -0.556363
326 -0.98977 0.931663 0.71998 1.13443 -0.723427 -0.318296 -0.883027 0.95639 -0.632703 -0.619328
327 -0.619693 1.25427 0.695122 1.52005 -1.39002 -1.73639 -0.113161 0.8652 -1.52056 -1.35176
328 -1.301 0.60255 0.604406 -0.0278664 -0.136166 0.0432964 -0.501842 0.471984 -0.341172 -0.390971
329 -1.4606 1.71167 1.2046 1.66619 -1.36332 0.119171 -1.65648 1.45269 -1.14725 -1.56876
330 0.18553 1.78616 0.790078 0.903131 -1.59921 -2.06387 0.28338 1.00284 -1.3832 -1.47234
331 -1.26695 0.725489 0.832804 0.815177 -1.62808 -0.713891 -0.455064 0.652076 -0.543 -1.08077
332 -0.44359 0.472859 0.274529 0.360509 -0.455195 -0.355936 -0.412302 0.899526 -0.233344 -0.848898
333 -0.92617 0.809792 0.590764 0.765236 -0.7562 -1.59642 -0.471093 1.04802 -1.2228 -0.724832
334 -1.3484 1.0929 0.583305 1.33752 -0.760742 0.631909 -1.25507 1.05568 -1.35079 -0.786353
335 -1.05203 0.944429 1.60163 0.948705 -0.774552 -0.361111 -0.954491 0.642745 -0.895837 -1.3348
336 -1.59805 0.134736 -0.341488 0.383748 -0.246801 1.44236 -2.24759 0.735394 -0.914471 -0.703297
337 0.566191 1.71963 -0.329495 0.293128 -0.705486 -1.14328 0.112067 0.0165307 -0.0791623 -0.335634
338 -0.602267 1.62599 1.31574 0.50073 -0.326869 -2.17633 1.06418 0.222738 -1.43891 -0.755056
339 -1.00452 0.633727 0.764018 1.15855 -1.17241 0.817398 -0.647546 1.10622 -1.33866 -1.02003
340 0.248443 0.612133 1.05558 1.22942 -1.01953 -1.22974 0.522005 1.04068 -0.993202 -0.518273
341 -1.27545 0.230081 0.217516 0.66491 -0.573758 0.703725 -1.60701 0.563319 -0.0147989 -0.225282
342 -0.355396 1.47543 1.13123 0.784582 -0.544768 -0.933997 -0.0655053 0.64063 -1.01174 -0.755926
343 -0.5502 1.2746 0.893183 1.08928 -0.958078 -0.66819 -0.584774 1.21332 -1.14027 -1.22721
344 -1.89333 0.147217 0.211432 -0.301055 -0.731076 0.764391 -0.337434 0.728762 -0.293286 -0.398253
345 -0.82315 0.368945 0.403519 0.386741 -0.268604 -0.327687 -1.23841 1.62201 0.484062 -0.378523
346 -1.41233 0.116982 0.749494 1.46121 -1.54731 1.13314 -0.647821 1.28551 -1.49905 -1.06964
347 -0.960032 1.23911 0.678465 0.944842 -0.954856 -0.942668 -0.429189 0.999068 -1.00435 -1.28566
348 -1.24512 0.179611 0.972514 1.39871 -1.06139 0.98246 -1.13128 1.26215 -1.29353 -1.30337
349 -1.51449 0.723526 0.0636911 0.517086 -0.647919 1.07205 -1.76423 0.80832 -0.807409 -0.897409
350 0.148793 0.920583 1.02696 0.248252 0.125492 -1.30333 1.24837 0.840356 -1.46935 -0.627909
351 0.276553 2.0325 1.78758 1.23176 -0.586618 -1.65827 0.23138 1.10752 -1.89382 -0.656869
352 -1.49092 -0.117929 0.255607 0.840116 -0.790276 1.81515 -1.02444 1.23631 -1.50929 -0.455329
353 -0.747517 1.37211 1.22787 1.60039 -1.38746 -0.906265 -0.84171 1.27319 -1.65402 -1.16307
354 -1.30009 0.00646662 1.06759 0.659513 -0.931546 0.24123 -1.28594 0.788741 -0.602187 -0.755671
355 -1.32634 0.669052 0.931063 0.836324 -0.71622 -0.826982 -1.16628 1.37982 -0.572321 -0.455349
356 -2.52057 0.398362 1.60736 0.568113 -1.32935 -1.39936 -0.908407 0.684758 0.0457615 -1.37022
357 -0.465496 0.408416 0.360854 -0.437256 -0.225064 -2.12641 -0.269757 0.381545 -0.258196 -0.434505
358 -0.580987 0.363433 1.39864 0.49147 -0.610968 0.328322 -1.04949 0.72587 -0.760849 -0.7284
359 -0.521108 0.208684 0.512003 0.68356 -0.820397 1.24673 -1.28205 0.263086 -0.758385 -0.230823
360 -0.156572 0.695176 0.807854 1.09071 -0.877892 -0.788082 -0.445444 0.980192 -1.08758 -0.903618
361 -0.732798 1.59257 1.00595 0.424897 -0.654923 -0.558194 -0.284103 1.06943 -1.41268 -1.05272
362 -0.346869 0.746962 0.221466 0.330781 -0.541297 0.0866536 -0.467418 0.560322 -0.716893 -0.805323
363 -1.1111 0.482601 0.226156 0.727843 -0.881138 0.659153 -1.44335 1.28561 -1.12307 -0.99388
364 1.35657 1.28074 0.729502 0.57002 -1.01058 -2.72544 1.02391 0.787552 -1.0704 -0.570141
365 -0.172146 1.4258 1.59304 0.892541 -0.471514 -1.33674 0.358418 0.683381 -1.03307 -0.953457
366 -0.249241 0.480135 0.468089 0.712594 -0.545747 -0.46722 -2.0249 1.2391 -0.0588552 -0.329231
367 -1.66499 0.525268 0.770485 0.962485 -0.156196 2.62109 -2.2653 0.649859 -1.28619 0.0265174
368 -0.859449 1.55008 1.23649 0.985912 -0.574789 -0.0607881 -1.5299 0.416005 -0.949633 -0.305824
369 -0.660288 1.05968 1.77083 1.12134 -1.23195 -0.521302 -0.694114 1.16742 -1.24037 -1.04249
370 -0.192679 1.55542 0.401183 1.04208 -0.97084 -0.0510483 0.155847 0.661451 -1.55604 -0.526643
371 -2.92409 -0.000663111 0.0738293 0.56217 -0.725458 1.9917 -1.78783 0.892427 -0.619203 -0.337705
372 -2.16467 0.467632 0.832941 1.54703 -1.48786 1.598 -1.62597 1.36193 -1.87716 -1.17008
373 -1.44516 0.359782 0.390627 1.21032 -1.39469 0.861368 -0.546841 1.08374 -1.5054 -1.20754
374 -1.14119 1.16713 0.797898 1.62475 -0.883293 0.58115 -1.57002 0.95199 -1.23957 -1.17194
375 -0.9503 1.05891 1.19908 1.87374 -1.4722 0.182871 -0.809799 1.61024 -1.92631 -1.05648
376 -2.79845 0.862791 -0.506193 0.141938 0.125581 -0.56953 -1.1051 -0.496153 -0.512214 0.207587
377 -0.244457 0.852574 1.02763 1.05456 -1.14322 -1.56099 0.49305 0.718461 -0.792544 -0.781379
378 -1.24562 0.355236 0.718983 1.25357 -1.05377 0.960467 -0.718503 1.1744 -1.32429 -0.955701
379 1.33213 3.27781 -0.993158 1.48323 -2.17417 0.15268 1.47171 -0.0139129 -1.95794 -2.67567
380 0.0647959 0.998383 0.0228377 1.16684 -1.41363 -1.6703 -1.03194 1.8518 -0.588996 -1.89753
381 0.282416 0.217458 0.293407 0.424118 -0.658796 -1.50553 0.657711 -0.202536 -1.92498 -1.5156
382 -1.18058 0.194079 1.06404 0.639774 -0.571295 0.270985 -1.27268 0.618429 0.227888 -0.758631
383 -1.55756 -0.17275 0.817823 0.748101 -0.816592 0.728574 -0.928285 0.0782716 -0.46819 -0.172234
384 -2.21417 -0.305393 0.233704 0.243258 -1.57685 1.74951 -1.44095 1.08916 -0.43373 -0.48529
385 -1.29808 0.318263 0.237587 1.35645 -1.09614 1.4004 -1.07192 1.20227 -1.23319 -0.742211
386 1.13146 0.304279 -0.110511 1.80571 -0.336185 0.409132 -2.05351 3.50002 1.91893 -1.64619
387 0.544741 0.225763 0.307423 0.547725 -0.167572 -0.66924 -0.803873 1.26049 -0.0156042 -0.423796
388 -1.29323 1.26569 -0.0911128 0.471866 -0.56052 0.865881 -1.71666 0.67162 -0.790409 -0.748207
389 -0.308301 0.495786 1.24776 0.226481 -0.463971 -0.640742 0.0102857 1.10133 -0.35752 -0.70583
390 -1.86782 -0.390683 1.73614 0.213084 -0.542299 0.560775 -1.39973 0.610988 -0.224961 -1.72071
391 -0.997207 0.370393 1.12992 0.879302 -0.561699 0.116031 -1.3813 0.605425 -0.583558 -0.317304
392 -0.0697076 1.93674 1.92203 0.953298 -0.779386 -1.41536 0.218016 0.537829 -1.32756 -0.845865
393 -1.0311 0.570725 0.548122 1.17544 -1.33908 1.12587 -0.596442 1.15917 -1.26427 -1.13243
394 -1.06517 -0.172703 0.495961 0.731816 -0.95196 0.979277 -1.30253 0.52284 -1.58586 -0.468425
395 -0.860781 0.921239 1.10374 1.31968 -1.38806 0.355703 -1.20485 1.3537 -1.31081 -1.29925
396 -0.924012 0.826546 0.617311 0.56969 -0.576651 -0.110091 -1.28756 0.279583 -0.56262 -0.662033
397 -0.955803 0.74245 0.341791 0.51659 -0.388895 -0.19507 -0.209948 0.841078 -0.636844 -0.426319
398 -0.929664 0.989994 1.15726 1.19106 -1.15089 -0.598294 -0.969627 1.13477 -0.831742 -1.1397
399 -0.258058 1.53336 0.930549 0.89837 -1.19929 -0.69387 -0.182142 0.880141 -1.59037 -0.825738
400 0.318908 0.945963 0.206718 0.836251 -0.731626 -1.72635 0.343364 1.17395 -0.914542 -0.973304
401 -1.23984 -0.034879 -0.0987041 0.824476 -0.711971 1.44011 -1.15895 1.38404 -0.714102 -0.774299
402 -0.520068 0.92992 0.983825 0.921612 -0.985592 0.341411 -0.847859 0.839328 -1.10915 -0.896304
403 -1.67849 -0.0601275 0.510164 1.07124 -1.29168 1.0907 -1.10214 1.20366 -1.04221 -0.612999
404 -0.780141 1.0331 0.820217 0.215198 -0.614434 -0.809588 0.638004 0.584453 -0.217321 -1.05036
405 -1.23578 0.584253 0.97732 1.2113 -1.16524 -0.456288 -0.732693 1.05177 -0.823916 -1.22423
406 -0.319371 1.19401 0.863895 1.06838 -1.16915 -1.05808 -0.384744 0.907384 -1.17458 -1.0793
407 0.657471 0.645204 0.716331 0.602029 -1.23707 -1.97932 0.708544 0.380965 -1.25174 -0.738804
408 -1.75141 0.953861 0.73857 0.584337 -0.677572 0.629839 -1.78028 0.0135438 -0.1161 -0.450989
409 -2.94655 0.477857 0.780782 -0.418431 -1.00397 0.301268 -1.07167 0.0345257 0.404277 -0.710006
410 -1.68303 -0.66522 -0.0118777 1.24041 -1.34647 2.17346 -1.03224 1.52275 -1.02144 -0.561356
411 -2.13777 -0.16811 1.35908 0.167345 -0.786317 0.173203 -2.12196 0.539102 -0.436624 -0.22491
412 -0.0399974 1.38224 1.07973 1.24807 -0.941156 -1.1211 -0.841939 0.888533 -1.42403 -1.24122
413 0.0634475 -0.866327 3.57926 1.49162 -5.1945 2.11932 -0.300646 0.153245 0.49745 -2.27098
414 -1.92993 0.560704 1.08925 0.635897 -1.06086 -0.397187 -0.973034 0.670166 -0.574392 -1.18531
415 -1.61757 0.236736 0.838345 0.889552 -0.735633 -0.343289 -1.01426 0.991689 -0.722288 -1.07732
416 -0.175962 1.68982 1.58945 1.08508 -0.738743 -1.46315 0.299374 0.76327 -1.6257 -1.10101
417 -0.0485298 1.92472 1.17539 1.15355 -0.731216 -1.58872 0.0247588 0.809105 -1.98154 -0.991762
418 -1.33002 1.96121 0.145888 0.611253 -0.654072 -1.00321 0.500871 -0.111632 -0.827899 -1.06785
419 -1.23593 1.63216 0.170615 0.913407 -0.635899 -1.07136 -1.22408 0.609554 -0.171439 -0.802303
420 -1.34102 0.563466 1.07259 0.902747 -0.899306 -0.82452 -1.47259 0.68601 0.0269395 -0.588945
421 -0.694335 0.726384 0.37307 0.7029 0.153721 0.577676 -1.14981 0.815967 0.010286 -1.0279
422 -1.14997 0.761114 0.51758 1.1762 -0.948422 0.532954 -1.12976 1.26976 -1.02479 -0.819573
423 -0.827328 1.58755 0.989504 0.733843 -0.872257 -0.792503 -0.0846108 1.11384 -0.915053 -1.20961
424 -1.03504 1.73458 0.678301 1.31275 -1.15619 -0.168942 -0.34619 1.61674 -1.1107 -1.54896
425 -0.264828 0.461721 0.894369 1.62976 -1.22539 -0.992795 -0.384085 1.2215 -1.28243 -1.14465
426 -0.689664 0.522654 0.324548 1.04676 -0.979505 -0.0250102 -0.0379792 1.02556 -1.09621 -0.912808
427 -0.506033 0.913482 0.868519 1.14937 -1.44105 0.306841 -0.799186 1.48219 -0.937964 -1.61711
428 -1.30221 -0.505248 -0.267669 0.648028 -1.0389 2.07142 -1.14745 0.900254 -1.06224 -0.307363
429 -0.743743 0.667197 0.81455 0.97072 -1.49079 -0.373083 -1.0206 1.073 -0.695384 -0.878583
430 -1.17311 1.03677 1.09309 1.19274 -0.996561 0.638282 -1.42218 1.20477 -1.07424 -0.950941
431 -0.904582 1.46292 1.42937 0.711025 -0.639389 -1.08106 0.639732 0.00610265 -0.195999 -1.85978
432 -0.564752 1.13075 1.21411 0.965124 -0.896801 -0.817852 -0.441083 0.629614 -1.0242 -0.871904
433 -1.09355 2.16282 1.97303 1.41187 -1.17186 -0.598407 -0.596419 1.84269 -1.59209 -1.93181
434 -0.65702 1.2501 0.728762 1.57737 -1.10483 -0.480562 -0.654839 0.62021 -1.47921 -1.14963
435 -1.14981 -0.0624847 -0.717024 1.13565 -0.751955 1.92753 -1.22065 0.495385 -1.29133 -0.321419
436 -1.7721 0.383835 0.119642 0.443975 -0.907862 1.9084 -1.54907 1.36743 -0.356536 -0.659838
437 0.11467 1.58775 0.0190024 1.76245 -1.3743 -0.0259686 -0.945972 0.0348022 -1.09602 -2.10874
438 -0.723155 0.726706 0.698165 1.10558 -0.764377 -0.523357 -0.456269 0.986876 -0.92617 -1.22962
439 -1.46062 0.0203945 0.861731 0.590266 -0.325607 0.563392 -0.456132 1.26699 -0.503629 -0.905776
440 -0.0620517 1.4357 0.634109 0.702685 -0.613884 -0.42858 -0.177067 0.682949 -1.30913 -1.26706
441 -0.908763 0.356655 0.478001 0.393795 -0.701011 0.484394 -0.903828 0.828112 -0.448869 -0.444322
442 0.016803 1.61462 0.60092 1.05154 -0.866704 -1.21065 0.0681593 0.690557 -1.14948 -1.2835
443 -1.31337 0.406195 0.716248 0.887051 -0.981896 1.08707 -1.23526 1.13313 -1.03205 -0.896122
444 -0.792021 1.05391 1.46179 1.07687 -1.0879 -1.03994 -0.201416 0.670643 -0.753755 -1.22894
445 -1.77966 0.329466 0.941743 1.06626 -1.52529 1.41123 -1.18798 1.63459 -1.31878 -1.12606
446 -1.35968 -0.104014 0.111964 1.60747 -1.27892 1.52239 -1.88556 1.10707 -1.33186 -0.689103
447 3.14058 -1.66369 2.49037 2.76158 -0.608672 -1.91838 -3.71742 -1.7721 -4.91778 0.779151
448 -1.23979 1.16676 1.2453 1.04749 -1.25193 -0.134273 -1.04499 1.3503 -1.44207 -1.24814
449 -1.29587 0.911959 0.525402 0.900577 -0.791412 0.665037 -0.46398 1.29464 -0.900178 -0.838498
450 -1.25645 0.623608 0.446118 1.12383 -1.16705 0.784231 -1.28314 1.34839 -1.02463 -1.59905
451 -0.879717 1.28927 1.03455 1.25874 -0.515777 0.813398 -1.45317 0.876303 -1.29676 -0.819606
452 -1.57118 0.231642 1.40339 0.869731 -0.203027 0.933916 -1.14745 0.444504 -0.837293 -1.71882
453 -0.632124 0.486701 1.42508 0.926144 -1.30672 -0.193345 -0.897037 0.817618 -0.665359 -0.674944
454 -1.5363 -0.0654943 0.720387 1.10442 -1.13349 1.20259 -0.911927 1.26943 -1.62402 -0.866063
455 -1.14075 1.01984 -0.282896 0.460986 0.0391992 1.11841 -1.32073 0.70908 -0.624533 -0.392521
456 -0.946932 0.979245 0.827706 1.01998 -1.14485 0.265209 -1.63651 1.03866 -0.862021 -0.897382
457 -1.28191 -0.471508 -0.219863 0.920609 -0.76504 1.39408 -1.34246 0.93446 -1.00759 -0.786402
458 -0.126221 1.33151 0.946224 1.17663 -1.3506 -1.14965 0.183535 0.773171 -1.41847 -0.841974
459 -0.415309 0.439032 0.903419 0.881098 -0.76909 -1.39983 -0.271041 0.861167 -0.780332 -0.657012
460 -0.857922 0.772291 1.2534 1.03501 -1.13529 -0.380646 -0.613086 1.14049 -1.23051 -1.21837
461 -2.45921 2.86732 -1.06725 -0.752205 0.168265 -0.78585 -0.711289 0.669715 0.373525 -0.74463
462 -0.615804 0.602424 1.30608 1.25784 -0.687071 -0.564921 -0.756763 1.00835 -0.540965 -0.6975
463 -0.206729 0.658485 0.979708 0.980288 -0.780917 0.243679 -0.499259 1.02194 -0.871926 -0.92459
464 -2.09335 0.656137 1.21089 0.0705455 -1.2718 0.84562 -1.56313 1.50027 -0.348812 -0.208522
465 0.0426447 1.39369 0.901444 0.959516 -1.09366 -2.12596 0.645569 0.914725 -1.20688 -1.34114
466 -1.27168 0.163926 0.428138 0.509369 -0.639054 0.0318383 -0.851272 0.648383 -0.38217 -0.534078
467 -1.15431 -0.0599654 0.251796 1.1101 -1.20333 1.04284 -0.501709 0.869115 -1.59254 -0.8566
468 -3.08188 0.577377 0.886272 0.68895 -1.17266 1.28346 -1.84941 0.512595 -0.182315 -0.642725
469 -1.64078 0.414876 0.451014 1.0322 -1.094 1.27669 -1.30427 0.942687 -1.23142 -1.10739
470 -0.329034 0.88559 0.896305 0.729477 -0.677151 -1.16846 0.462553 0.743295 -0.764219 -0.698294
471 -0.83279 1.00659 0.817214 1.1963 -0.802298 -0.207832 -0.874 0.692147 -1.07233 -1.0472
472 -0.549245 0.794882 0.745885 0.820291 -0.646552 -0.754331 -0.452267 0.557549 -0.83175 -0.768235
473 -4.25526 -1.66597 2.53964 -1.27357 -0.125884 -2.93997 -5.24476 2.04111 2.90508 -0.259251
474 0.367787 1.48367 0.78247 1.15805 -0.950525 -1.76801 0.661108 1.66359 -1.80691 -1.30594
475 -2.19927 -0.496005 0.0915537 0.909215 -0.989754 1.40976 -1.11537 1.49918 -1.12923 -0.672698
476 0.287852 1.73064 0.504413 1.71047 -1.23496 0.17051 -0.873515 1.90495 -0.595885 -0.803074
477 -0.827436 0.903114 0.955247 0.96096 -0.927835 -0.203402 -1.08225 1.17195 -0.998642 -1.24751
478 -0.287167 -0.23107 1.43226 0.164318 -0.86546 0.930028 -1.87477 0.672244 -0.252605 0.320981
479 -1.5426 0.675273 1.25516 2.31791 -1.61264 -1.57873 -0.760842 0.54859 0.102975 -2.02358
480 -1.05674 -0.0184273 0.98472 1.10734 -0.758701 0.460779 -1.57995 0.0526547 -0.433964 -0.293082
481 -1.1129 1.0636 0.0338005 0.649458 -0.851884 -0.315809 -1.43451 0.822919 -0.517241 -1.85338
482 -0.110196 2.11386 1.208 1.27494 0.233412 -0.427999 0.606322 2.16978 -1.45252 -0.571452
483 -0.983387 0.690196 0.791209 1.47514 -0.608574 -1.44763 -1.25216 0.307172 0.0976451 -0.942922
484 -1.19723 0.294577 0.633733 1.07601 -1.20677 1.02266 -0.690701 1.0549 -1.2793 -0.551587
485 -1.21987 0.668974 0.754212 1.39056 -1.55774 1.28195 -1.48531 1.11544 -1.41305 -0.799709
486 -0.214536 1.32693 1.21895 0.760694 -0.859542 -1.24977 0.00952591 0.600419 -0.667115 -0.803944
487 -2.02967 -0.187167 1.46317 0.423566 -0.871745 -0.569759 -1.41291 1.52952 -0.289989 -0.420968
488 -0.795431 0.703722 1.84169 0.444216 -0.944996 -0.477186 -0.370597 1.31895 -1.58773 -0.574952
489 -0.70203 0.378914 0.955796 0.992821 -0.524956 -1.6397 0.253371 1.18568 -0.316355 -0.883924
490 0.353979 1.29708 0.692125 0.429404 -1.0347 -1.58404 0.323084 1.47827 -1.00811 -0.943523
491 -1.77349 1.24055 -0.897321 -0.0286879 0.188693 1.68794 -2.16022 1.00739 -0.65595 -0.894731
492 -0.747238 0.964145 0.26027 0.622622 -0.226073 1.11998 -0.807392 0.92879 -0.896277 -0.900982
493 -1.3233 1.19873 0.496835 0.75805 -0.798428 0.148824 -0.511176 0.947585 -1.11921 -1.11674
494 -0.117258 1.89982 1.2276 1.34078 -0.895262 -1.78384 0.284714 0.76683 -1.73839 -1.04854
495 -0.00144987 1.02937 0.382326 0.559426 -0.470427 -1.49918 0.0516428 0.290313 -0.969319 -0.93685
496 -0.857634 1.04188 1.05175 0.805955 -0.652093 -1.09128 -0.290858 0.210827 -0.949239 -0.61718
497 -1.23531 0.825983 1.15611 1.34314 -1.37216 0.917481 -0.982493 1.21195 -1.2682 -1.19851
498 -1.09575 0.15554 0.590099 0.220826 0.0109894 -0.425479 0.114324 0.854584 -1.45049 -0.319736
499 -1.13268 0.295657 1.04447 0.0866351 -0.956226 0.399662 -2.26736 0.140157 -0.132535 -0.701897
500 -1.19382 0.406248 -0.0916942 0.937592 -0.872211 1.55043 -1.69107 0.303319 -0.771445 -0.772738
501 -1.18539 0.303403 1.45458 0.459055 -0.769063 -0.424474 -1.14081 0.428289 -0.959408 -0.216685
502 -0.925814 1.54968 0.1573 0.947433 -0.773477 -0.610134 0.29851 0.629574 0.0832934 -0.0380559
503 -1.69565 0.034289 1.18803 0.204379 -0.575538 -0.685797 -1.79319 0.563555 -0.066527 -0.550554
504 0.0271595 0.938322 0.425936 1.33692 -1.01681 0.166677 -0.465286 0.324119 -1.03951 -1.30933
505 0.0827628 0.26253 1.2099 0.682818 -0.635149 -1.60539 0.337285 0.821069 -0.457506 -0.589827
506 -1.17311 0.40123 0.834602 1.20973 -1.36845 0.962318 -0.541578 1.19772 -1.22151 -0.967868
507 -1.28608 0.331326 1.06381 0.282106 -1.03086 0.563209 -1.03025 0.671195 -0.239615 -0.830014
508 -0.105292 1.18292 -0.00907988 0.870097 -1.54287 -2.79911 1.4217 0.580402 -1.29651 -0.758301
509 -1.07334 1.08958 0.975855 0.555725 -0.450921 -0.348928 -1.34741 0.958031 -0.345096 -0.990965
510 -0.036235 0.983788 0.496346 0.636828 -0.836497 -1.30507 0.393098 0.633865 -1.32541 -0.730224
511 -1.51616 0.171353 0.544278 1.19632 -1.21242 1.02094 -1.15097 1.22339 -1.22643 -0.773063
512 -0.784264 0.875008 0.646526 1.12028 -0.995462 0.226376 -1.01233 1.01917 -0.792527 -1.22403
513 -0.919947 1.47185 1.88427 1.26363 0.962868 0.334406 0.196227 0.631171 -0.988403 0.684218
514 0.0400484 1.63871 0.958994 0.861423 -0.75054 -1.09086 0.400862 0.346588 -1.48156 -0.690443
515 -1.13179 0.407004 0.800287 0.551714 -0.65599 0.403827 -1.37318 0.674574 -0.278625 -0.486236
516 -0.707847 0.0830881 1.9879 0.0735597 -1.06542 -1.97241 -0.915311 1.95465 -0.318733 0.333176
517 -1.22847 0.609668 0.369166 0.875882 -0.813308 0.207898 -0.850099 1.08563 -0.934852 -0.961568
518 0.0405807 1.2811 0.842134 0.735938 -0.799884 -1.38568 0.232438 0.880655 -1.22285 -0.673335
519 -1.15164 0.557316 0.724864 1.3418 -0.970288 -0.456725 -1.79736 1.1874 -1.10605 -0.924783
520 -1.42367 0.447296 -0.194031 0.66198 -0.378537 1.40112 -1.67556 0.888535 -0.510694 -0.964827
521 0.0221925 1.60211 1.20076 1.40305 -0.762905 -1.12397 -0.040636 0.689891 -1.37559 -0.9959
522 0.163893 1.06742 0.361309 0.884066 -1.10276 -1.04937 0.327433 1.024 -1.27011 -0.98468
523 -1.74301 0.425106 0.507902 1.05744 -0.975859 1.4382 -1.62123 0.894103 -0.592229 -1.16308
524 -0.492543 1.40206 0.858355 0.362421 -1.42627 -2.67264 -0.0109471 1.68573 -0.169176 -0.621178
525 -0.454492 0.608557 0.882376 0.623407 -0.977829 -1.55205 -0.175329 0.189027 -0.670614 -0.454619
526 -1.19587 0.268907 0.816131 0.548125 -0.623223 0.833192 -1.24508 1.25123 -1.01207 -0.143933
527 0.116171 1.10278 1.02648 0.690096 -1.01678 -1.49299 0.449003 0.637507 -1.58747 -1.0383
528 -0.747737 0.684894 0.289264 1.10632 -0.682933 0.78562 -1.42963 0.80568 -0.85547 -0.682695
529 -1.43523 0.0763312 0.389649 0.827998 -1.19017 1.13808 -0.644091 1.25449 -0.942989 -0.623429
530 -1.19945 0.410179 0.758638 0.640147 -0.68751 0.26176 -0.71811 0.698133 -0.351026 -0.695678
531 -1.17833 1.04891 0.953718 0.750187 -0.472526 0.274697 -1.01032 1.01691 -0.402601 -0.67033
532 -0.253322 1.37027 0.686167 0.544975 -0.225879 -0.638324 -0.173631 0.490654 -0.520534 -0.968449
533 1.53833 1.36843 0.228587 0.914439 -1.62229 -1.59296 1.37351 0.915234 -2.46664 -0.536115
534 -0.606068 0.600964 1.22364 0.51178 -0.887056 0.47506 -1.40792 0.164782 0.12202 -0.680352
535 -0.947817 -0.114432 0.283959 0.781668 -0.651667 1.61331 -0.958362 0.47761 -0.90087 -0.376116
536 0.511928 0.875384 1.44947 0.582361 -1.05241 -1.44847 0.109301 0.502751 -0.848073 -0.658436
537 -0.556191 1.01346 0.612597 0.633516 -0.558566 -1.03154 -1.00166 1.26989 -0.149357 -0.583373
538 -0.755502 0.479726 0.79667 0.648195 -0.54096 -0.389734 -0.848098 0.406068 -0.716206 -0.801711
539 -0.671997 0.9577 1.11022 1.23118 -1.05082 -0.436498 -0.576505 1.06331 -1.37209 -1.156
540 -1.6636 -0.0812389 0.139933 0.753994 -1.0222 1.73924 -1.17917 0.905114 -0.874519 -0.489147
541 -0.639441 1.33293 1.42717 1.27028 -1.10869 -1.06556 -0.659829 1.38901 -1.21539 -1.77101
542 -0.590945 1.15346 1.44026 1.31175 -0.175041 -0.828448 -0.0102487 0.586381 -0.427917 -0.479028
543 -1.16753 -0.240188 -0.0976161 0.603983 -0.608942 0.953239 -1.21647 0.116886 0.183278 -0.539279
544 -0.180898 0.935486 0.602085 1.00976 -1.05936 -0.451298 -0.764686 0.805046 -0.947448 -0.735127
545 -0.769561 0.272946 0.601719 1.03476 -0.259261 1.60866 -0.273128 1.1591 0.0545934 -9.72417e-07
546 -1.67712 0.338419 0.524985 0.0297559 -0.595025 0.221037 -0.645685 0.611415 -0.355532 -0.803969
547 0.12358 1.03533 0.305767 0.474409 -0.265424 -0.977805 0.0205121 0.115917 -0.978509 -0.660588
548 -0.425672 1.18097 0.659325 1.19013 -1.22929 -0.659313 -0.496463 0.741715 -1.26412 -1.15109
549 0.340378 0.839256 0.444902 0.430956 -0.255702 -1.19855 0.663953 0.0264714 -1.24862 -0.587393
550 0.606945 1.39958 0.745964 1.22183 -0.991861 -1.62021 0.504402 0.605353 -2.11923 -0.725659
551 -1.34693 1.44023 1.26306 1.64701 -0.668135 0.106319 -1.9001 1.00789 -1.67695 -0.795337
552 -0.636012 1.34154 0.138782 1.44566 -0.511542 -0.628971 -0.859528 0.755512 -0.740409 -0.481973
553 -1.03637 0.178456 1.16814 0.598997 -0.228945 -0.22178 -1.53846 0.881004 0.107607 -0.938484
554 -2.60202 0.941246 2.20304 -0.0292637 -0.236094 2.74106 -1.97324 -0.215531 -0.811756 0.551589
555 0.569142 0.650721 0.259191 0.584942 -1.027 -1.62249 0.117314 0.311048 -1.57755 -0.604286
556 -0.293307 1.08618 0.759151 0.946586 -0.560955 -0.559715 -0.579425 0.679596 -1.30313 -0.664143
557 -0.833173 0.0197017 0.695557 0.472853 -0.604716 -0.214786 -0.598766 0.839562 -0.920863 -1.21462
558 -1.68892 -0.169299 -0.38223 1.23315 -1.01437 1.65732 -1.57222 1.11444 -1.61383 -0.69144
559 1.31365 1.25691 1.03103 0.18034 -0.947174 -1.64774 0.84337 1.43022 -0.880958 -1.82349
560 0.626051 2.15051 1.62347 1.98622 -1.66727 -0.893201 -0.926317 0.976405 -1.79747 -0.994291
561 -0.560393 1.08819 0.312 0.341292 -0.511212 -0.619413 -0.364327 0.837092 -0.90847 -1.48817
562 -0.263166 -0.429636 -0.156067 1.4438 0.0367822 -3.03998 0.952852 1.96185 0.0589917 0.0935744
563 0.816786 0.925292 0.676547 0.735738 -0.791584 -2.98179 1.05141 0.625567 -0.989816 -0.0327597
564 -1.34482 0.59214 1.14657 1.1761 -1.18871 0.921812 -1.24445 1.16878 -1.29826 -1.15263
565 -1.5035 -0.345761 0.171674 1.26617 -1.25306 1.59637 -1.08749 1.25474 -0.78898 -0.393718
566 1.45747 1.8665 -0.696786 0.978988 0.377207 -2.80649 0.997404 -0.0509419 -2.03435 -0.354921
567 -1.3884 0.235565 1.33268 0.8017 -0.839888 -0.0504715 -0.961168 1.20846 -0.193897 -0.85261
568 -1.09052 0.563778 0.86849 1.16952 -1.19286 0.992176 -0.89288 1.07335 -1.24932 -0.970524
569 -1.721 1.51282 1.77179 1.85784 -1.6309 0.0505227 -1.4943 1.81595 -1.75835 -1.66984
570 -0.638988 -0.348376 -0.217357 0.624368 0.141363 2.08906 -0.985582 0.656345 -0.374172 -0.359191
571 -2.93044 0.0733986 0.652479 0.742169 -0.758882 0.797444 -2.37175 0.743715 -0.170422 -0.431568
572 -0.0864427 2.12868 0.833235 1.81252 -1.67889 -1.18455 -0.140712 0.840731 -1.42293 -1.34963
573 -1.20891 0.211852 1.05678 1.31331 -1.11406 0.772375 -0.955141 1.15643 -1.29818 -1.12871
574 -0.986618 0.490666 0.822851 0.480543 -0.339455 1.06858 -0.853219 -0.228447 0.295265 -0.503296
575 -0.869381 1.11893 0.761445 0.880973 -1.22862 0.348701 -0.792819 1.12804 -0.803088 -1.32343
576 -1.44748 0.577541 0.949589 0.899723 -1.24318 1.24553 -1.93185 0.708607 -0.656474 -0.0589385
577 1.05417 0.338545 1.04562 0.424852 -0.311768 -0.266675 -0.433971 0.261294 -0.00370475 -0.288858
578 -1.56879 0.64951 0.817637 0.605006 -1.03586 0.179399 -1.33981 1.02807 -0.496385 -0.949877
579 -1.04566 1.63229 0.722803 0.456886 -0.67353 -0.804538 -1.42667 1.95807 -0.190035 -0.824164
580 -0.178732 1.46195 1.34967 0.986811 -0.989358 -1.04775 -0.0912556 0.949081 -0.985062 -0.980482
581 0.33824 1.91746 1.49565 1.01914 -0.901829 -1.48202 0.823572 0.764818 -1.86831 -1.25414
582 -0.0171029 0.750945 0.643024 0.768556 -0.762599 -1.50105 -0.0830877 1.27956 -0.553644 -0.530633
583 -0.997917 -0.0384899 0.297746 1.57236 -1.43432 1.43298 -0.844658 1.54571 -2.00323 -0.993182
584 -0.931563 1.0486 0.52829 0.881322 -0.749976 -0.294983 -0.751737 0.453812 -1.00281 -1.22523
585 0.737063 1.40556 -0.1447 1.35275 -0.846159 -1.24131 0.591634 1.06538 -1.87299 -0.756299
586 -1.79544 -0.368969 0.995551 0.255346 -1.00024 1.66887 -1.71239 0.0853957 -0.297959 -0.181834
587 -1.37855 -0.0686685 0.234977 0.887985 -0.908556 1.37156 -1.01227 0.650715 -1.2232 -0.482758
588 -1.38732 0.373118 0.830846 1.15351 -1.31132 0.850486 -1.45642 1.37435 -0.883853 -0.956065
589 -1.54401 0.480517 1.12527 1.19396 -0.880526 -1.03261 -2.34874 1.53371 -0.917276 -1.35135
590 -1.67889 0.667749 0.79585 0.817082 -1.19492 0.160568 -1.90268 1.08537 -0.442827 -0.922951
591 -1.58146 0.121661 -0.19199 1.73806 -1.25312 1.81262 -1.6159 1.21813 -1.49644 -0.695386
592 -0.938577 0.793408 1.65344 0.728222 -1.16906 -0.94052 -1.48633 1.45341 -0.560568 -1.22683
593 -0.0921633 -0.581848 -0.54576 1.95488 -0.781556 1.19379 -1.91101 1.56729 0.640785 -0.731978
594 -1.02621 0.272166 1.0416 0.461453 -0.862767 0.849171 -1.04762 1.15113 -0.321647 -0.517327
595 0.78623 1.36919 -0.472244 0.699925 -1.45586 -1.53977 -0.396595 1.39362 -1.89688 0.242564
596 -2.28985 -0.21884 1.69228 0.551175 -0.734243 1.93147 -2.51701 0.111279 -0.0592255 -0.4964
597 0.287738 0.42395 0.253936 0.240587 -0.437205 -0.911566 0.00832092 0.502013 -0.26671 -0.426766
598 0.373373 5.32647 -1.21469 -0.557619 0.817101 3.67617 -2.65608 -0.0245884 -2.14797 -3.6313
599 -1.14518 1.16404 0.917098 1.36741 -0.524372 -0.0216074 -2.45384 1.53906 0.454387 -0.445348
600 -0.229155 1.18688 1.09752 0.625641 -0.863726 -1.21733 0.477028 1.18606 -1.33193 -0.536081
601 -1.71113 -0.406772 0.568582 0.723719 -0.943261 2.01174 -1.22481 1.48786 -1.16759 -0.777653
602 -3.81764 -1.59134 3.23687 -1.20669 0.220833 1.92392 -1.67857 1.3654 0.576496 -0.693239
603 -1.46 -0.346364 0.538104 0.365432 -0.956711 2.03166 -0.695562 0.274969 -1.03913 -0.410327
604 -0.227055 -0.494618 -0.599133 0.914522 -1.57003 -0.866337 -0.369776 1.59255 -1.03792 -0.30885
605 -2.94582 -2.19443 2.09715 0.802516 -2.52084 -0.584998 1.25686 1.09367 2.17416 -1.45282
606 -1.87403 0.602774 0.359102 0.882506 -0.89774 1.51765 -1.01131 0.917159 -0.569602 -1.21799
607 -0.219426 1.46479 0.185969 1.88572 -0.39323 0.386468 -1.99603 -0.0747973 -2.1221 -2.67648
608 -1.91212 -0.224847 -0.266338 0.304867 -0.181548 1.34936 -0.91336 0.381023 -0.76211 -0.51726
609 0.902762 4.00497 -1.71222 2.74971 0.0391037 -0.959942 2.72745 -0.553795 -2.24063 -2.40219
610 -0.354435 1.32507 0.752469 0.949064 -0.897176 -0.917132 -0.119529 1.00003 -1.39269 -0.996988
