1 -0.781572 -1.71309 -0.96484 -0.878469 -0.864574 0.123978 1.09985 0.682726 1.3798 1.24908
2 -0.938887 0.247995 -0.798073 -0.370576 -0.0335322 1.52842 0.290616 0.8887 -0.55134 0.438385
3 -0.190994 -1.2297 -0.291173 0.0796449 0.177588 -0.255615 0.319889 1.00538 0.619091 0.379561
4 0.0881608 -1.25049 -0.269391 -0.427676 -0.935583 -0.71898 0.571337 1.62733 1.79637 1.4386
5 -0.954921 -1.73831 -0.601961 -1.42327 -1.49817 -0.306566 0.830478 0.930344 -0.708121 1.67423
6 -1.74448 -2.15563 0.937984 -0.477329 -1.52558 -1.15059 0.419093 -0.98377 -3.01714 1.33411
7 -0.751444 -1.26336 -0.851772 -0.755818 -1.14877 1.22666 1.29847 1.44208 -1.72906 0.750663
8 -1.24754 -1.61869 -0.576037 -1.08607 -1.58138 0.249479 0.855066 0.791735 -1.15715 1.41687
9 -0.792167 -1.09977 0.343121 -0.436544 -0.655536 0.344548 0.368966 0.267595 1.04357 1.2677
10 -1.10323 -0.205313 -0.246416 0.453225 -0.371263 1.87055 0.511897 2.02396 -1.42932 -0.814442
11 -0.536528 -1.27615 -0.831136 -0.855098 -1.69237 0.480382 0.852673 0.340865 -0.358071 0.899539
12 -1.04918 -1.14897 -0.686412 -0.695689 -0.689413 0.335066 0.919723 0.719077 -0.231207 1.08
13 -0.828104 -1.19107 -1.02502 -1.0912 -1.25381 0.475062 1.02294 0.718752 0.441324 1.09208
14 -1.4333 -1.41094 -0.505836 -1.36497 -1.54933 -0.0166907 0.915544 0.774667 -0.989866 1.54144
15 -2.3142 -0.316922 -1.3126 -0.915723 -0.764722 2.13081 0.520932 1.09384 -0.370347 0.573233
16 -0.781632 -1.07239 -0.874393 -0.749395 -1.08153 0.252685 0.621577 1.15676 0.930213 1.08185
17 -1.46028 -1.14961 -1.61134 -1.49442 -1.13274 0.982487 1.15398 1.38351 0.799793 1.534
18 -1.56581 -0.0236058 -1.01241 -0.98919 0.114091 1.62587 1.03956 0.72446 -1.43345 1.61336
19 0.0550706 -2.70642 -0.80235 -0.368144 -1.20231 -1.11339 1.2278 -0.836513 2.68339 1.80503
20 -0.654152 -0.830471 -1.72928 -0.760744 -0.437036 1.07608 1.78419 0.738852 0.350926 0.157858
21 -2.57635 0.972588 -0.792962 -0.122609 -1.72912 2.17242 0.49985 0.0838669 -0.626731 -0.465857
22 -0.805932 -0.958679 -1.30273 -1.15315 -0.910283 1.26711 1.22246 1.53808 -0.217957 1.15435
23 0.204371 -1.18124 -0.377375 -0.905478 -0.539845 0.570769 1.08848 0.920303 1.55815 0.153635
24 -1.3795 -0.419527 -1.72098 -0.664117 -0.392734 1.41444 0.971321 1.34418 -0.16792 0.361541
25 -0.78447 0.212271 -0.722925 -0.461538 -0.209157 0.891466 0.540661 0.496117 -1.13538 0.41328
26 -1.1258 -1.26978 -1.05726 -1.12714 -1.15234 0.146484 0.968614 0.747857 -0.926576 0.966908
27 -0.835823 -1.63226 -1.02231 -0.484782 -0.917037 -0.406724 0.518772 0.469043 0.382747 0.53122
28 0.123959 -0.799742 -1.6039 0.183252 -1.14842 0.603378 0.98629 1.38651 -1.47094 0.630801
29 -1.22429 -0.520513 -0.736659 -0.897373 -1.01188 0.480501 0.697507 1.24575 0.333304 0.726456
30 -1.07376 -0.112864 -1.52643 -0.529297 -0.727399 1.46896 0.843628 0.680841 -0.452052 0.688645
31 -0.456734 -1.25554 -0.0738896 -0.717913 -1.45064 -0.452513 1.30739 0.769108 -0.427127 0.763742
32 -0.700376 -1.99518 0.137823 -0.445879 -1.62384 -1.09874 0.823404 0.396098 -1.18764 1.48101
33 0.0616983 -2.16474 0.163517 -0.740346 -0.694566 -0.386365 0.737785 0.0190823 0.259128 1.77783
34 -0.956675 -1.23062 -0.42228 -1.0356 -0.851432 0.720282 1.19258 1.43928 0.114604 0.295963
35 -1.22658 -1.14993 -0.65971 -0.897231 -1.25818 -0.303078 0.621102 0.843391 -1.24739 1.3495
36 -0.496978 -0.944684 -0.485326 -0.558299 -0.805322 -0.524092 0.454 1.21577 0.804243 0.813667
37 -0.783639 -1.29653 -0.546699 -0.974262 -1.29525 -0.0689966 0.736183 0.88206 -0.642235 1.0857
38 -1.78279 -1.7417 -0.557067 -1.69655 -1.87103 -0.0191303 0.849615 1.04706 -1.64829 1.49383
39 -0.918957 -1.54266 -0.652844 -1.50727 -1.02868 0.544831 1.19215 1.11523 1.17434 1.48698
40 -0.940838 -2.22066 0.401822 -1.0861 -2.21214 -0.15506 0.31405 0.173623 -1.80807 1.74098
41 -1.02935 -0.51746 -1.00929 -0.86861 -0.399628 2.71067 0.642514 1.38443 -0.780362 0.866434
42 -0.804945 -1.74906 -0.402521 -1.05579 -0.708203 -1.32848 0.948537 1.17446 1.66141 1.56976
43 -0.78409 -2.16672 -0.265262 -0.583662 -1.03562 -0.461014 0.488836 0.371635 -1.94386 0.824661
44 -1.10083 -1.29734 -0.107405 -0.660679 -0.90793 -0.470047 1.01982 0.00843727 0.146549 0.971178
45 -0.683728 -2.55266 -0.442364 -1.55773 -0.530147 0.0551577 1.28053 1.08341 0.337476 0.89425
46 -1.07035 -1.3758 -0.922188 -1.29004 -1.56714 0.368459 0.867224 0.804253 -1.06052 1.13202
47 -0.696077 -0.255607 -0.0866577 -0.777667 -0.534614 1.813 0.463801 2.17041 -1.63165 0.16495
48 -0.899657 -0.96368 -1.02769 -1.08983 -0.681597 1.07827 1.21757 0.946085 -0.0439299 0.729896
49 -1.20462 -0.352598 -0.964972 -0.732804 -0.447278 1.39195 0.813688 0.853241 -0.524225 0.688082
50 -0.780928 -1.36638 -0.687279 0.578169 0.480834 2.41845 -1.42245 1.94355 -0.0512259 -0.487575
51 -0.482426 -1.01749 0.0350507 -0.712742 -0.834034 -0.883689 2.32559 0.729803 1.28287 1.11557
52 -1.07557 0.25676 -1.50118 -0.290526 -0.380956 2.50514 0.485921 0.989322 -1.48016 0.689891
53 -0.0981452 -0.99296 -0.704327 -0.737452 -1.08357 -0.359068 0.73938 0.398971 0.563247 1.10346
54 -0.901244 -1.04894 -0.761705 -0.878393 -0.95148 0.449653 0.852223 0.654982 -0.893063 0.901167
55 -0.654022 -1.41199 -0.846681 -1.38536 -0.916767 0.335516 1.17446 0.831929 0.952906 0.883506
56 -1.19109 -1.44279 -0.447115 -0.870512 -1.15874 0.491676 0.753143 1.00619 -1.17377 1.10303
57 0.111671 -1.76358 -0.900877 -1.38435 -1.62758 -1.09764 0.935077 0.680854 2.21626 1.64661
58 -1.20198 -1.77122 -0.770254 -1.21209 -1.65916 -0.130704 0.604611 0.627743 -1.61265 1.99938
59 -0.0796003 -1.18797 -0.159384 -0.583736 -0.909255 -0.847859 0.468013 0.769144 1.05871 1.34136
60 -0.473075 -0.999469 -1.21624 -0.889314 -0.814266 0.650938 0.893576 0.738844 0.424933 0.895678
61 -0.996036 -1.58895 -1.09188 -1.45865 -0.932809 0.426261 0.85644 1.34307 0.0331066 1.20847
62 -1.82294 0.710408 -0.841032 -0.627147 -0.953784 3.16577 0.566063 0.909659 -1.97008 0.560909
63 -1.32855 -0.197405 -1.40934 -1.09569 -0.515789 1.23443 1.1403 1.0239 -0.446111 1.30925
64 -0.93805 -1.11304 -0.897929 -2.01579 -1.22371 -0.546501 1.54192 1.18216 -0.0415089 1.59561
65 -1.1461 -0.29984 -0.996832 -0.692578 -0.589553 1.54897 0.420573 0.664872 -0.569252 0.936797
66 0.265836 -1.4833 -1.11674 -1.76629 -1.31389 -0.6046 0.796663 0.503781 0.964821 0.989977
67 -1.07617 -1.10502 -0.951609 -0.880768 -0.756575 1.08749 0.36804 1.02475 0.610839 0.857587
68 -0.390881 -0.27179 -2.40237 -0.754546 -0.435762 1.26615 2.31497 3.48566 -1.47143 1.42039
69 -1.14282 -1.04624 -1.49526 -1.494 -1.41396 0.785781 1.75418 1.35543 0.259988 1.05839
70 -0.721598 -1.09742 -1.23515 -0.865381 -1.5193 0.3221 0.496729 1.52832 1.33989 0.909767
71 -0.975379 -1.61026 -0.512596 -0.91426 -1.40577 -0.100571 1.01628 0.673422 -0.870518 1.16936
72 -0.908383 -1.1045 -0.536637 -1.57376 -1.02796 0.137434 0.831062 0.602157 0.0956082 0.981185
73 -1.42534 0.87583 -1.19395 -0.890496 -0.0359818 3.17337 0.241225 1.29141 -0.735073 -0.234763
74 0.572065 -1.53284 -0.950952 -0.381207 -1.5781 -0.265777 -0.421787 0.536131 -0.678667 2.34176
75 -0.578843 -0.634955 -0.671752 -0.724888 -1.14425 0.437869 0.932024 0.805464 0.393536 0.941089
76 -0.923514 -0.598446 -1.21816 -0.646945 -1.27434 1.42833 0.437287 1.15688 -0.572928 1.21401
77 -1.25472 -0.821959 -1.15385 -1.16863 -1.19491 1.14667 0.91172 1.11769 -0.218703 0.992662
78 -1.35847 -1.3324 -1.22397 -0.98183 -1.55316 0.515891 0.695801 1.23765 0.0303904 1.18726
79 -0.334807 -1.33912 -0.481703 -0.28773 -1.07765 -0.189191 0.595136 0.362104 0.895634 1.10965
80 -1.96514 -0.419013 -1.22585 -1.41304 -0.19019 1.98045 0.410873 0.734171 -0.925252 -0.260751
81 -1.16589 -1.16633 -0.847337 -0.903903 -1.1568 0.425216 0.995196 0.901525 -0.99462 1.16088
82 -0.559306 -1.12231 -1.86144 -0.700712 -0.749403 1.41313 1.02612 1.12333 -0.470266 0.314988
83 -0.480819 -1.21511 -1.04195 -0.842249 -0.444376 1.24351 0.795163 0.85678 -0.20323 0.798177
84 -0.622075 -1.88066 -0.679496 -0.474547 -1.70259 -1.21749 0.0906465 0.420974 0.496044 1.9073
85 0.262311 -0.585363 0.34308 -0.623469 -0.768007 -0.777537 0.328245 0.285777 1.1477 0.696824
86 -1.23092 -0.934898 -1.11606 -1.09292 -1.0624 1.04125 1.24432 1.07757 0.0809208 0.996112
87 -0.594284 -0.85166 -0.458302 -0.959413 -0.757963 -0.0320351 1.29669 0.819946 0.585749 1.24516
88 -0.756005 -0.837539 -0.911565 -0.733973 -1.3178 0.75403 0.708202 0.769121 -0.233474 0.564675
89 -3.29175 0.113152 -1.93119 -0.292417 1.44582 -0.312986 -1.67416 1.09085 0.657027 -1.74243
90 -0.347995 -1.44571 -0.414022 -0.654132 -0.684756 -0.777475 0.389063 -0.506595 0.480663 1.02339
91 -0.77944 -1.92483 -1.31562 -0.700975 -0.62396 -0.933891 1.44098 0.0230483 1.1018 0.847373
92 -1.01251 -0.903139 -0.776954 -0.589757 -1.08911 0.338943 1.23363 0.779629 0.466533 0.771655
93 -1.13369 -1.33503 -1.19088 -1.14816 -0.745705 -0.256353 1.20621 0.821042 -0.44748 1.48973
94 -1.23349 -1.43661 -0.815454 -1.53246 -1.58583 0.303969 1.06383 1.49966 -1.21512 1.45996
95 -0.595376 -1.37395 -0.656727 -1.38976 -0.225462 0.151947 1.21499 0.365529 1.12534 0.939473
96 -0.759643 -1.35697 -0.696744 -0.87554 -1.29546 -0.146594 0.615622 0.628389 1.25646 1.02201
97 -1.01495 -0.781342 -1.06225 -0.82423 -1.29446 1.52824 0.573851 1.18156 -0.246171 0.468202
98 -1.58831 0.381444 -1.20111 -0.638938 -0.526119 2.40952 0.911871 1.37654 -0.109362 0.430412
99 -0.529738 -1.17977 -0.169346 -0.607045 -0.82581 -0.0289655 0.596682 0.485791 -1.84696 1.1799
100 0.135289 -2.06117 -0.524892 -0.775372 -0.945974 -0.597449 0.893461 1.94102 0.349701 0.865235
101 -0.568966 -1.00593 -0.682973 -0.710164 -0.944952 0.40937 1.50423 1.09462 1.30803 0.982377
102 -1.19753 -1.39263 -0.545184 -1.15038 -1.41882 -0.249123 0.61313 0.819457 -1.34305 1.29168
103 -2.13341 -0.0324532 -1.284 -1.05115 -1.20246 1.18293 0.711215 0.40366 0.0494617 0.56737
104 -0.963777 -1.31247 0.486018 -0.451505 -0.859128 1.29821 0.584882 0.688949 -0.295173 0.282904
105 -1.36184 0.827877 0.225831 -1.17867 -1.08117 1.94077 -0.136382 1.25361 -3.54427 0.00911891
106 -0.811223 -0.0146165 -0.723263 -0.672523 -0.68375 1.62443 0.935331 0.616034 -0.833618 0.881763
107 -1.38444 -1.30031 -1.03803 -1.15008 -1.40164 -0.114569 0.897059 1.03103 -1.111 1.4307
108 -0.472619 -1.26726 0.48627 -0.182462 -0.230844 0.128769 0.37442 0.993872 0.0773824 0.863157
109 -1.1639 -2.17622 0.115978 -1.23241 -1.37922 -0.53501 0.368638 0.388288 -0.829199 1.30145
110 -0.882778 -1.14344 -1.1895 -0.907374 -0.670311 0.516863 0.808712 0.960648 -0.0131126 0.999659
111 -1.55349 0.902645 -1.64018 -0.781097 0.198581 3.4858 -0.882149 1.13314 -0.734234 -0.471645
112 -1.76826 -1.31402 -0.793146 -1.73832 -1.33521 0.526685 0.971726 1.05846 -0.797006 1.29898
113 0.762223 -0.673057 0.100166 -0.653093 -1.02434 -0.833723 0.810341 2.11598 1.4083 0.732632
114 -1.66123 0.157466 -0.793494 -0.665102 -0.161912 1.81241 0.535407 0.746953 -0.372697 0.772385
115 -1.10539 -1.20642 -1.06611 -1.39859 -1.27977 0.260173 1.29145 0.669503 1.15411 1.08647
116 -1.21622 -1.60851 -1.11164 -1.23998 -1.44965 0.132777 1.39503 0.979346 0.47296 1.09847
117 -0.928116 -1.68839 -0.316981 -1.16554 -1.43718 -0.212314 0.668117 0.331899 -1.91323 1.11511
118 -1.10686 -1.2885 -0.885483 -0.853486 -0.995832 0.279893 1.02475 1.26612 0.28128 0.993306
119 -2.13355 0.0704157 -0.894655 -0.165647 0.116842 2.50588 0.551087 1.30024 -1.48975 0.318092
120 -1.47814 -1.32631 -0.115794 -1.29381 -1.44978 0.0811689 1.20776 0.562298 -0.616934 1.17503
121 -1.36263 -1.56454 -0.698305 -1.64532 -1.80123 0.0179504 0.626571 0.704253 -1.30302 1.23933
122 -1.71585 -0.00957076 -1.55573 -1.30574 -0.411238 1.81209 0.839888 0.946295 -0.867755 0.201693
123 -0.999018 -0.0465568 -0.614533 -0.457187 -0.775429 1.92423 0.394422 0.909524 -1.02571 0.523749
124 -0.842298 -1.4084 -0.749301 -1.04101 -0.790883 0.462136 0.681634 0.840957 0.528144 1.20962
125 -1.25985 2.17308 0.153675 -0.324477 -1.12445 2.79971 0.268656 -0.47846 -0.704493 1.55303
126 -1.02762 -1.53965 -0.537772 -1.15015 -1.47536 0.0814188 0.743823 1.18653 -1.32216 1.07407
127 -1.06503 -1.04131 -0.709033 -1.24449 -1.42171 0.677913 0.844737 1.2507 1.09783 0.867752
128 -0.318781 -0.980297 -0.978485 -0.772555 -1.25391 -0.0531969 0.455608 0.946518 0.792454 0.781696
129 -1.51136 -0.692557 -1.30755 -0.997539 -1.09551 1.47099 1.49988 1.11815 -0.351603 1.21646
130 -1.34569 -1.17597 -0.700948 -1.0546 -1.31004 0.220257 0.794331 1.13636 -1.02344 1.21928
131 -0.690679 -1.00474 -1.5366 -0.895604 -0.77246 0.806477 1.19077 1.16664 -0.0083568 1.26579
132 -0.327266 -1.5695 -0.19663 -1.62592 -0.870169 0.909614 1.08372 0.522582 -0.532561 1.65715
133 -1.31721 -1.41823 -0.890556 -1.43416 -1.38235 0.0198555 0.749966 0.820442 -0.672416 1.48861
134 -1.4326 -1.28504 -0.912555 -0.998285 -1.4113 0.0197915 0.929718 0.768366 -0.963684 1.39
135 -0.74789 -1.91613 -0.878689 -1.05085 -1.44521 -0.110029 1.07346 1.2413 1.8061 0.730318
136 -1.07366 -1.98917 0.0186513 -0.876172 -1.52581 -0.535139 0.396926 0.381105 -1.42576 1.4453
137 -0.506636 -0.84275 -1.25581 -1.02265 -1.00668 -0.600719 0.197686 1.3387 0.966016 0.73143
138 -0.945891 -1.26124 -0.519256 -1.62309 -1.12063 0.134611 0.796652 0.652744 0.446132 1.63512
139 -1.64215 0.0629033 -1.21891 -0.897736 -0.622666 2.26308 1.56265 0.974406 -1.60608 1.11363
140 1.2767 -2.41949 -1.78336 -0.0400551 -2.28131 -1.21243 0.401177 1.98969 -1.41021 0.273347
141 -1.66583 -0.860445 -1.13039 -1.10739 -1.0632 1.72925 1.22067 1.47951 -0.397878 0.733687
142 -1.27296 -0.937796 -0.707084 -0.868897 -0.990988 0.334089 1.05401 0.458636 -0.613212 1.0955
143 -1.40969 -0.206757 -0.192326 -0.077532 -0.940036 1.57846 1.08351 0.757616 -1.34366 -0.451114
144 -0.958863 -1.59454 -1.41248 -1.23757 -1.46702 0.81171 0.881839 1.93721 -0.296718 1.64407
145 -1.21406 -1.11612 -1.09841 -0.952013 -1.15451 -0.00632776 1.00114 0.920416 -0.71099 1.14413
146 -0.839272 -1.07804 -0.949282 -1.52536 -0.79716 0.492699 1.01757 0.830855 -0.0462344 0.912546
147 -0.59479 -1.27198 -0.823542 -1.10053 -1.08573 -0.0149655 0.834095 0.656716 -0.366686 1.26102
148 -1.11874 0.131224 -0.994059 -0.55765 -0.257073 1.73666 0.681116 1.01717 -1.11314 0.19149
149 -1.38278 -1.76368 -1.0084 -1.33935 -1.34825 0.000383388 1.31191 0.963263 0.685344 1.15948
150 -0.733888 -1.38907 -0.906499 -0.901434 -1.13402 -0.218385 0.848051 0.646341 -0.803702 1.41071
151 -0.976453 -1.18151 0.412599 -1.16291 -0.622567 -1.03479 1.03144 -0.0552515 -0.572557 0.809166
152 -0.82558 -0.233347 -0.541687 -0.745903 -0.521719 1.77668 0.294266 1.35806 -0.647761 1.35359
153 -1.3199 0.170685 -1.37153 -0.253175 -0.515325 1.35251 0.10785 1.24816 -0.937112 0.231775
154 -1.17403 -0.146281 -1.64044 -1.17358 -0.457131 1.66253 0.839986 0.371187 -0.827935 0.585834
155 -0.809198 -0.949513 -0.612523 -0.615941 -0.759383 0.655225 1.32176 0.431117 0.308058 0.677936
156 0.0699577 -1.50962 -0.475977 -1.30774 -0.619929 -1.0232 -0.351369 1.26008 2.37894 2.11061
157 -0.443025 -0.639617 -1.25515 -1.10306 -0.398487 -0.0334496 0.693042 0.337555 1.16055 0.611788
158 -0.633895 -0.51306 -0.579847 -0.658344 -0.491435 -0.487708 0.485275 0.670423 0.454863 0.924101
159 -1.99929 -0.300909 -1.2276 -0.456434 -0.772635 1.91803 0.766724 1.74311 -1.33848 0.626075
160 -0.389288 -1.64837 -0.9628 -1.28434 -1.20933 -0.86288 1.19679 0.65258 1.35466 1.37936
161 -0.881743 -1.40797 -0.957483 -1.03658 -0.806047 0.358483 0.788007 0.764259 0.744541 1.5092
162 -1.09571 -1.42543 -0.507459 -0.574136 -1.06269 -0.304679 0.459317 0.344929 -1.02059 1.35459
163 -0.618613 -1.13655 -0.518421 -0.950843 -0.634351 0.0729549 0.838882 0.442909 0.720982 0.91761
164 -1.34192 -1.40467 -1.09478 -1.30187 -1.41628 0.0841896 1.33675 0.890905 0.66088 1.29388
165 -0.403678 -1.0754 -0.990618 -0.913165 -0.515799 0.00980721 1.46218 0.171141 -0.161668 1.70783
166 -0.752613 -1.41551 -1.58022 -1.01988 -0.695271 1.50945 1.50399 1.89859 -0.116113 0.890981
167 -0.901038 -1.68187 -1.09113 -0.990745 -0.588012 0.634681 1.30905 0.89802 0.973187 0.746973
168 -0.174108 -0.648933 -1.14338 -1.33707 -1.45189 -0.182221 -0.175525 0.71806 1.23183 0.712949
169 -0.397524 -1.98431 -0.106526 -0.444104 -1.47973 0.546505 1.27917 1.072 -1.07608 0.452419
170 -0.917897 -1.68966 -0.351731 -1.35788 -1.68158 -0.202201 0.715151 0.836436 -1.15351 1.23216
171 -0.509288 -1.09322 -0.738671 -0.807869 -0.905399 -0.538356 0.790696 0.512601 -0.181072 0.72594
172 -1.4408 -1.37948 -1.10147 -1.39839 -1.46391 0.114719 1.19336 1.13352 0.529752 1.49611
173 -1.24931 -1.06412 -0.76524 -1.01612 -1.24176 0.541002 0.927774 0.935986 -0.927665 0.894191
174 -1.65526 -1.70638 -1.34966 -1.56567 -1.71034 0.177244 1.10449 0.955791 -1.56597 1.16687
175 -0.165574 -0.423887 0.57364 -0.0512149 -0.189091 0.161333 0.529612 1.12079 -0.907224 0.102475
176 -1.39605 -1.46886 -0.633135 -1.49137 -1.33556 0.00334008 0.722412 0.576939 -1.01854 0.897608
177 -0.817906 0.737833 -1.63405 -0.804259 -1.79012 1.38144 0.975532 2.86656 -1.04217 -0.252823
178 -0.797908 -1.55171 -0.782823 -1.01429 -1.12279 0.539015 0.75038 1.34506 -0.203962 1.47727
179 -1.66461 -1.33102 -0.00787761 -0.725482 -1.45103 0.000821435 0.746856 0.0537161 -0.790811 1.70175
180 -0.771379 -0.881398 -0.554634 -0.852251 -0.660559 0.117697 0.80186 1.09966 0.722844 0.889138
181 -1.01618 -2.11342 0.316634 -0.71731 -1.35152 -0.771399 0.284098 0.216835 -1.77986 1.18037
182 -1.33681 -0.705367 0.230577 -2.71486 0.674448 -0.688362 2.00125 1.02728 2.9443 0.581735
183 -0.567946 -1.37178 -1.00764 -0.643894 -1.34896 -0.152806 1.41566 0.257725 1.21754 0.928467
184 -0.0035857 1.60749 -0.30439 0.0862998 0.651712 2.11429 0.327413 -0.454495 -1.65205 1.48311
185 -0.458386 -0.585869 -0.543781 -0.662917 -0.739739 0.00380054 1.04468 0.963709 0.524059 0.709031
186 -0.291083 -1.49092 -0.951161 -0.965196 -1.50154 -0.514573 1.2098 0.733068 1.22655 0.555575
187 -0.424744 -1.00814 -1.34924 -1.06878 0.0136912 -0.538235 0.721902 1.2411 -0.652101 0.539018
188 -0.0638629 -1.59705 -0.419777 -1.12535 -1.6639 -0.655482 0.484742 0.926424 0.998468 0.787499
189 -1.04937 -0.667664 -1.19604 -1.04849 -0.940407 0.874194 1.15516 1.18372 -0.210035 0.796052
190 -0.849327 -0.896918 -1.17096 -1.10369 -0.645455 0.694303 1.52785 0.783354 -0.80899 1.04724
191 -0.755048 -1.34558 0.270971 -0.786589 -1.79058 -0.971458 0.100673 -0.111651 -1.03151 1.15649
192 -1.11055 -1.20667 -0.770455 -0.615832 -1.18192 0.24286 0.642411 0.758498 -1.03032 1.24809
193 -0.629871 -1.11944 -0.693736 -0.657454 -0.794058 0.804551 0.765175 0.643986 -0.447427 0.895798
194 -0.664695 -1.25697 -0.739762 -1.25222 -0.866603 0.257536 0.891659 0.909537 0.060427 1.1534
195 -0.0547002 -1.9819 -0.466484 -0.686757 -0.202223 0.0694347 1.03575 1.02307 1.75883 1.42073
196 -1.15957 -1.07162 -1.17735 -0.832286 -1.11084 1.08916 1.40194 1.18522 -0.621007 1.44316
197 -0.873649 -1.32694 -1.11473 -1.21714 -0.42805 0.335602 1.24844 0.443504 0.308839 1.20508
198 0.33248 -1.75212 -1.01613 -1.32149 -0.405348 0.0895405 0.491893 0.484974 0.673205 1.44678
199 0.274517 -1.42519 -0.964251 -1.46597 -1.6591 -0.4798 0.945301 0.487843 -0.17307 1.69549
200 -0.869694 -0.877589 -1.51023 -1.2907 -1.36749 1.15684 1.12568 1.76264 -0.928567 0.896017
201 -0.671786 -1.71598 -1.016 -1.51737 -0.784203 0.0424456 1.55042 0.83881 0.609247 1.20085
202 0.313684 -1.44182 -0.988939 -0.491542 -1.81459 -0.838362 0.595026 0.521947 2.3046 1.17937
203 -0.869012 -0.743802 -1.37453 -0.963626 -0.893561 1.15655 0.873457 1.36373 -0.197126 0.774135
204 -1.03646 -0.548506 -1.5138 -0.391333 -0.4167 1.63951 0.0482352 0.695545 -0.547199 0.22871
205 -1.29145 0.000610432 -0.647706 -0.376341 -0.641306 1.49942 0.953829 1.2625 -1.01053 1.0125
206 -1.02642 -1.22633 -0.474952 -0.637514 -1.49561 -0.0584661 0.772139 0.556547 -0.946155 0.94378
207 -1.18435 -1.19022 -0.573162 -0.388242 -0.86183 -0.160123 1.35576 0.43377 0.586976 1.11111
208 -0.336977 -1.41486 -0.885459 -1.42104 -1.41414 0.32895 1.51028 1.23095 0.251082 1.269
209 -0.960397 -0.0612211 -0.826907 -0.442935 -0.787662 1.31518 0.47458 0.565507 -0.461292 0.576971
210 -0.0403599 0.720585 -1.31665 -0.347166 -0.293192 2.19074 0.340124 -0.0225502 -1.81576 0.365713
211 -1.65818 -0.373864 -1.46712 -1.14416 -0.71981 1.56069 0.653983 0.521371 -0.428693 0.923415
212 -1.49596 0.591349 -1.55622 -0.666356 -0.179222 2.89439 0.575235 0.243467 -1.20731 0.804046
213 -1.38137 -0.178354 -1.30108 -1.04121 -0.548408 1.18381 0.846052 0.690583 -0.0971203 0.929387
214 -0.962714 -1.21346 -0.15643 -0.336511 -1.12234 -0.46601 0.705548 0.177655 -0.798285 1.01548
215 -0.737257 -0.792808 -1.23163 -0.52443 -0.689511 1.0095 0.751633 1.33726 0.41579 1.15087
216 -0.0470905 -0.899648 -1.00192 -1.44902 -1.01978 -0.867937 0.333209 1.0829 2.17379 0.658383
217 0.236226 -2.65175 -0.954768 -2.15669 0.148796 -2.36644 0.732115 0.356264 1.78399 1.33719
218 -1.08242 -0.848225 -1.01189 -1.22472 -1.36549 0.583614 1.25614 1.05906 0.746362 1.17877
219 -0.651886 -1.15707 -1.53566 -1.2559 -0.0696125 1.91153 1.7308 1.59853 -0.747712 1.52354
220 -1.60257 -0.570601 -1.8847 -0.884387 -1.11174 1.4648 0.585581 0.834301 -0.894045 0.598699
221 0.546393 -0.809698 -1.64352 -0.49983 -1.18276 -1.09376 0.60599 1.02474 1.51803 0.855897
222 -0.471563 -1.14462 -1.20385 -0.776734 -0.921371 2.27358 0.542082 0.365495 -1.2861 -0.140906
223 -1.08028 -0.76346 -0.947901 -0.813453 -0.911376 0.802859 0.74121 0.717293 -0.372681 0.698724
224 -0.476718 -1.50853 -1.06025 -1.0614 -0.683569 -0.0172159 0.883888 0.417462 1.41962 1.34812
225 -0.779677 -0.931745 -0.904862 -0.584686 -1.17507 -0.109447 0.418922 0.310671 1.557 0.842061
226 -1.38722 -1.50685 -0.378903 -1.86897 -1.11372 0.7873 0.327642 0.758384 0.261967 0.745483
227 -0.841537 -0.339941 -0.613015 -0.463386 -0.39582 2.11192 0.786676 1.53251 -1.30869 1.19345
228 -1.02852 -1.59982 -0.80882 -1.17682 -1.54291 0.00110694 1.08055 1.0034 0.870512 1.30511
229 -0.9029 -1.97485 -0.168639 -1.16225 -1.25787 0.209635 0.352529 0.875593 -1.10583 1.42346
230 -1.0361 -1.32706 -0.771785 -1.06417 -0.986806 0.582412 0.852973 0.769032 -0.755363 1.10131
231 -1.31778 -0.781771 -0.905722 -1.09039 -1.04071 1.01722 1.06174 1.12284 -0.340149 0.998818
232 -0.05239 -0.28674 0.0810431 0.0314638 -2.11576 2.8767 1.1132 2.24184 -3.53555 -0.598051
233 -1.21567 -0.291521 -1.13043 -1.2342 -0.269595 1.27294 0.422185 0.724179 -0.907274 1.14301
234 -1.02304 -0.908679 -0.509175 -0.13616 -1.27182 -0.240349 1.45389 0.188566 1.83431 1.22658
235 -1.3179 -1.44611 -0.585011 -1.63027 -1.77129 0.191109 0.481571 0.610215 -1.05598 1.323
236 -0.44174 -0.540594 -0.659023 -0.601047 -0.469554 -0.248516 0.259026 0.747214 1.74383 0.929274
237 -1.18888 -0.911028 -1.37448 -0.979374 -1.37198 0.889085 1.58964 1.46042 -0.0373527 1.6082
238 -0.620957 -1.28445 -0.187665 -1.21566 -1.26156 0.223576 0.148579 0.401208 -0.10812 0.718964
239 -1.30131 -1.31746 -1.67772 -1.9839 -2.07032 1.09871 1.36534 1.87843 0.0319883 1.50245
240 -1.59184 -2.36396 -0.147881 -1.16263 -1.98335 -0.603463 0.704978 -0.0202037 -1.63716 1.655
241 -0.273334 -0.0499638 -1.03531 -1.4702 -0.197448 1.32059 -0.00565962 1.29826 -0.3331 1.36153
242 -1.20389 -1.35038 -1.17014 -1.26965 -1.36375 0.320412 1.11169 1.1 -0.808984 1.31741
243 -0.969111 -1.51142 -0.335539 -1.17209 -1.41455 -0.205676 0.579737 0.913368 -1.15623 1.47269
244 -0.648778 -1.29139 -0.59425 -0.461984 -1.33611 -0.449369 0.972786 0.52038 0.511537 0.990408
245 -0.142532 -0.839327 -0.709181 -1.17395 -1.20779 0.362018 0.421999 0.58092 1.1692 1.0352
246 -0.898743 -0.346342 -0.411511 -0.762671 -0.400729 1.55112 1.34215 0.333742 -0.469409 0.962553
247 -1.36517 -0.419957 -1.24155 -0.811033 -0.619364 2.06328 0.718529 1.08802 -0.730636 1.00811
248 -1.17496 0.135253 -1.05773 -0.274147 -0.280224 2.12411 0.684595 0.316004 -1.1131 0.339749
249 -3.17513 1.89645 -1.2092 -0.717802 -1.53094 4.11191 0.519726 0.00807395 -0.327631 0.63316
250 -0.550222 -0.838087 -0.760361 -0.780691 -0.677 0.161763 0.854693 0.641405 0.791116 1.18567
251 -1.14017 -0.760023 -0.697609 -0.652882 -0.322299 1.02972 0.47115 0.650351 -0.0317138 0.58928
252 -0.791448 0.479447 -0.990288 -0.573187 -0.78933 1.36741 0.812776 0.970128 -0.719674 0.190291
253 -0.343111 -1.24645 -0.650926 -0.151972 -0.469327 0.144898 0.367085 0.994 0.159426 0.89718
254 -0.223228 -1.53366 -0.540017 -1.11668 -0.903915 0.469576 0.244001 0.647579 -0.672061 1.70133
255 -0.203091 -0.424238 -0.160569 -0.543158 -0.339765 0.438356 0.271984 0.883478 1.73449 0.339017
256 -1.34391 -0.0530324 -1.47695 -0.362808 -0.481812 1.98416 0.413186 0.56993 -1.27049 0.674551
257 -0.606126 -1.38336 -0.919338 -0.876484 -1.43034 -0.0909416 0.666254 0.824697 0.416313 1.17968
258 -1.38988 -0.282922 -0.661235 -0.727891 -0.673912 1.44337 0.98196 0.980171 -0.666479 0.894304
259 -0.940672 -1.20587 -1.22185 -1.12447 -1.16182 1.04281 1.20698 1.13398 -0.745162 0.850337
260 0.164254 -0.512093 0.231758 -1.00294 -0.903022 0.412433 0.678409 1.14726 1.30851 0.734831
261 -1.38263 -0.958848 -1.09317 -1.10159 -0.844497 0.931024 0.609774 0.867637 0.235474 1.22261
262 -0.327678 -1.7267 -0.133002 -0.85678 -1.57606 -0.254446 0.35499 0.366741 -1.00681 1.36258
263 -0.386645 -2.09003 -0.562586 -0.451495 -0.89902 0.849577 0.667601 1.22385 0.433082 1.76314
264 -0.751941 -1.09749 -0.551794 -0.554193 -1.02694 0.954459 1.00646 1.22039 -0.36618 1.05736
265 0.216615 -0.882804 -0.866148 -0.794963 -0.823993 -0.770245 1.20149 0.945879 1.5371 1.02354
266 -0.727067 -2.27802 -0.698709 -0.903548 -0.452007 -0.379783 1.38793 0.706341 1.21632 1.43312
267 -0.539829 -1.41274 -0.876108 -0.573852 -1.19637 0.778764 0.974115 0.838623 0.78727 1.52055
268 -0.224407 -1.69185 -0.361803 -1.25405 -0.265945 -0.289757 0.699505 0.54301 1.6785 1.09418
269 -0.797837 -1.42508 -0.193568 -0.947405 -1.03168 -0.262308 0.821376 0.348313 -1.20511 1.15737
270 -1.09396 -1.57793 -0.736024 -1.53373 -1.74892 -0.412684 1.25775 0.943607 -0.382619 1.63892
271 -0.562918 -0.825958 -0.942698 -1.11671 -0.568332 -0.0100027 0.948733 0.745035 0.872308 1.06696
272 -1.52171 -0.0371325 -1.23587 -0.732708 -0.703518 1.50314 0.815416 0.300334 0.0428999 1.28635
273 -0.748755 -1.48487 -0.355896 -0.935459 -0.917308 -0.31751 0.724128 0.174341 -0.645266 1.4849
274 -1.38242 -2.82976 -1.30608 -0.0757808 0.0139875 3.22342 0.13484 1.51077 0.297488 -0.629692
275 0.769058 -1.7463 -0.484337 -0.848641 -1.69755 -0.546595 -0.0820397 0.952938 2.14715 1.82329
276 -1.03791 -1.77001 -0.188622 -1.23511 -1.40982 0.0335022 0.804444 0.536397 -0.952901 1.06157
277 -0.571822 -0.869004 -0.0270474 -0.391457 -0.957144 -0.418584 0.688045 0.148326 -0.0838315 0.768189
278 -0.25711 -0.96295 -0.710787 -1.5983 -0.969134 -0.19754 0.811476 0.946757 0.973587 1.03897
279 -1.12555 0.0357733 -1.75854 -0.801173 -0.766647 2.09403 0.955494 0.748439 -0.722869 0.962817
280 -1.46993 -0.560832 -0.68763 -0.284599 -1.71734 2.13939 0.443045 1.32492 -0.991063 -0.150822
281 -0.767272 -0.785137 -0.728222 -0.763151 -0.655212 0.424584 0.654637 0.698019 -0.467623 0.675786
282 -1.01944 -1.42943 -1.77069 -1.53026 -0.526467 0.97858 1.81504 1.4682 0.453387 1.17542
283 -0.681751 -0.947872 -0.762444 -1.22853 -0.947463 -0.161045 0.47967 0.504645 0.467688 1.39231
284 -1.07315 -1.62334 -0.00204457 -2.25899 -1.38303 -0.406446 0.770726 0.407353 -1.33134 1.76686
285 -0.506613 -0.712063 -1.08438 -0.964221 -0.197349 -0.224443 0.498845 0.437342 1.21568 0.363083
286 -1.24306 -1.81925 -1.40712 -1.71998 -1.2595 1.1506 1.67673 1.43472 -0.220027 1.66811
287 -0.793883 -1.45056 -0.836879 -1.44865 -0.617409 0.0130956 0.864232 0.95322 0.0737065 0.835517
288 -1.95394 -1.61187 -1.70082 -0.676977 -0.163922 -2.22997 1.8877 1.31547 1.43728 0.230375
289 -0.535455 -0.534929 -0.191546 -0.787688 -1.09581 -0.583797 0.90803 1.07944 -0.140199 -0.0697533
290 0.268496 -1.5701 -0.575833 -0.762159 -2.17709 -1.35682 0.391562 0.418589 2.68846 0.711993
291 -1.15311 0.165218 -0.783216 -0.787379 -0.712201 1.71777 0.610798 0.945913 -0.774937 1.11913
292 -2.3006 0.587124 -1.95456 -0.175951 -0.33652 1.8975 1.80486 0.187117 1.25023 -0.557355
293 -0.634205 -0.821424 -0.745535 -0.947738 -0.54588 0.365331 1.15388 0.63772 0.344709 0.775493
294 -0.654131 -2.27174 -0.0216237 -0.91228 -0.676111 -1.46994 0.30772 0.942356 2.41621 1.46278
295 -1.02068 -0.992755 -1.30021 -1.01695 -1.1085 0.141535 0.603673 0.967911 0.0577547 1.3975
296 -0.473366 -0.585992 -0.957061 -0.196299 -0.584611 1.15934 0.335124 0.450383 -0.968739 0.752811
297 -0.482768 -1.69515 -0.940038 -0.93816 -1.46791 -0.423292 0.669134 0.299132 -0.359696 1.01519
298 -1.89522 0.247008 -2.01377 -1.16555 1.08483 3.15788 1.22495 0.413209 -1.18896 0.549697
299 -0.861891 -0.80075 -1.02099 -0.694746 -0.636076 0.589481 1.07274 0.963634 0.728248 0.675776
300 -0.868981 -0.627346 -1.04442 -0.724941 -1.0713 1.00947 0.506981 0.773385 -0.589218 0.895544
301 -1.51978 -1.61597 -1.23095 -1.48756 -1.97894 0.706785 1.05405 0.971183 -0.385279 1.45251
302 -1.19485 -1.38722 -0.461698 -1.14056 -1.29518 -0.285132 1.10214 1.07757 -0.807891 1.04798
303 -0.761506 -1.05396 -1.08282 -1.09079 -0.971922 0.538731 1.58301 0.567752 1.18062 1.2868
304 -0.500028 -1.95264 -0.569713 -1.22428 -1.37445 -0.466289 1.40032 0.118634 0.32737 1.59755
305 -1.64927 0.498472 -0.836077 0.0983342 -0.875716 3.13176 0.177053 1.34306 -0.579422 1.12732
306 -1.13133 0.298228 -1.40473 -0.54804 0.159358 1.82428 -0.333408 0.171635 -1.52806 -0.933491
307 -0.0470426 0.175556 -2.57881 -0.994814 -2.97983 1.1696 -1.22623 -0.368633 1.15679 1.76786
308 -1.32233 -0.824527 -1.15987 -0.853238 -1.2877 1.58677 0.622541 1.07278 -0.72223 0.845263
309 0.138865 -1.1515 -0.992501 -0.17582 -0.992752 -1.01774 0.515585 1.05831 0.546213 0.419225
310 -0.170146 -0.594586 -0.304489 -0.618582 -0.649676 -0.0597105 0.504754 0.703413 0.609095 0.546217
311 -0.231657 -1.49728 -0.333569 -0.684183 -0.592054 0.0383598 0.919439 0.395831 0.825517 0.546355
312 -0.425746 -0.888785 -0.759875 -1.15921 -0.586079 -0.0956427 1.32497 0.819499 1.79567 1.3995
313 -1.05803 -1.99593 -1.48394 -0.991487 -0.738125 -0.335137 1.42788 0.765627 1.98724 1.04425
314 -0.989911 -1.98765 0.068873 -0.740515 -1.7018 -0.516494 0.971801 0.0449596 -1.46844 1.33549
315 -0.204793 -0.806877 -0.161365 -0.501941 -1.65165 -0.48607 0.356292 0.874512 1.27156 0.214533
316 -0.931837 -1.28949 -1.62138 -1.66208 -1.08006 0.283932 1.7865 0.710245 0.269018 1.50707
317 -1.38644 -0.273974 -0.939661 -0.934096 -0.515868 2.49127 0.423524 1.47095 -0.825782 1.38649
318 0.820721 1.77227 -1.09258 -1.20315 1.06767 4.27915 0.880282 2.56219 1.08194 -0.272943
319 -1.21636 -0.126804 -0.661919 -0.503738 -0.596506 1.34418 1.03531 0.725612 -0.671564 0.618517
320 -0.306486 -0.111144 -0.867671 -1.10081 -0.304176 0.34035 0.66624 0.258255 -0.326004 0.217606
321 -1.24928 -1.55487 -0.470477 -1.60744 -1.7016 -0.0991618 0.74273 0.698113 -1.27411 1.61352
322 -1.0038 -1.11201 -1.20837 -1.22704 -0.894639 0.224948 0.893705 1.50436 0.39522 0.738718
323 -1.83723 -0.993028 -0.922524 -1.1896 -1.02434 0.932801 1.03229 0.634118 -1.25779 1.3497
324 -0.988866 -0.915745 -0.808215 -0.670439 -0.413898 -0.224508 0.482084 0.652478 -0.0442714 0.257266
325 0.152051 -1.00032 -0.0943061 -0.951372 -0.648113 -0.354805 1.34798 -0.186692 2.58772 1.37193
326 0.173056 -0.427103 -0.382485 -0.204619 -0.631626 2.32298 -0.496443 1.31877 -0.407177 1.09118
327 -0.962331 -1.1112 -0.922147 -0.746288 -0.817985 1.18281 0.651444 0.684868 -0.211111 1.06644
328 -1.78788 -0.701585 -1.98593 -1.5532 -0.832333 1.4137 1.93552 1.63717 -0.42424 0.868374
329 -0.496358 -0.524678 -0.359466 -0.319897 -0.433046 -0.0510415 0.383901 0.477897 0.751788 0.347664
330 -0.976745 -1.92568 -1.37219 -1.47744 -1.9421 0.084356 1.17984 1.58065 0.559446 1.27818
331 -2.06387 -0.236378 -1.16191 -0.855312 -0.868856 2.43313 0.72159 1.0635 -1.34619 0.685635
332 -1.26364 -0.888777 -1.81793 -1.05946 -0.622236 0.626856 0.814122 0.636922 0.389106 0.711492
333 -0.675855 -0.162312 -0.95342 -0.324376 0.218914 0.365282 0.612766 -0.0206933 0.952289 0.41188
334 -0.817329 -0.677436 -1.66627 -1.10155 -1.22229 1.98304 0.697338 1.11486 -0.582257 0.591541
335 -1.28053 -1.12748 -1.2302 -1.47403 -1.02852 0.353738 1.28329 1.25606 0.170547 1.23767
336 -0.738985 -1.17556 -1.28612 -0.966652 -0.933261 0.714255 0.630456 1.23285 -0.551273 1.02848
337 -1.13293 -1.82532 0.140475 -0.626589 -1.2898 -1.0352 0.810126 0.123313 -1.42278 0.985895
338 -0.910759 0.217924 -0.158407 0.00165509 -0.441353 0.453208 0.116743 0.465984 -0.492764 0.911884
339 -1.51628 0.47806 -0.213673 -0.158632 -1.82651 1.637 0.215724 1.76435 -1.44892 1.36381
340 -1.14269 -1.10717 -1.11452 -1.21407 -1.22876 0.518254 1.019 0.767566 -0.733539 1.2277
341 -1.12719 -0.344901 -1.54394 -0.055198 -0.647927 1.47857 0.157751 -0.0109346 -0.343679 0.127234
342 0.0893474 -1.12219 -0.303173 -0.812276 -0.817116 -0.176005 0.809103 0.738559 1.54185 0.927848
343 -0.900692 -0.743538 -0.954979 -0.918323 -0.938535 1.07483 1.15945 1.55435 -0.709016 1.04174
344 -0.748781 -0.866841 -0.776455 -0.769143 -0.925371 1.46042 1.26202 0.805394 -0.619944 0.998914
345 -0.107446 -0.679454 -0.906795 -0.314573 -1.07232 -0.729964 0.238528 0.935584 1.20706 0.251239
346 -0.0938744 -0.745077 -1.14974 -1.9333 -0.174036 -0.681978 -0.328592 1.43607 1.39982 0.728148
347 -1.37594 -1.3757 -0.736408 -1.1793 -1.45626 0.397331 0.970278 0.874709 -1.14779 1.28905
348 0.000188347 -1.2099 -1.20846 -0.288234 -0.819326 0.417526 0.525427 1.00195 1.17771 0.574285
349 -1.48905 -1.5498 -0.714505 -1.21637 -1.2724 0.247725 1.04054 1.10841 -1.09805 0.956684
350 -1.08111 -1.57391 -0.611168 -0.772966 -1.15133 -0.379146 1.24271 0.287015 -0.144255 1.28729
351 -1.15813 -0.267151 -0.445972 -0.186676 0.195646 2.6161 -0.487428 1.11034 -0.353887 0.724724
352 -1.88386 -0.127988 -1.50375 -0.297064 -0.831912 2.45848 0.923563 0.298931 -0.698821 1.20692
353 -1.64026 -1.95975 -0.41896 -1.18455 -1.32057 0.236686 0.65744 0.56202 -1.66628 1.38785
354 -0.818863 -1.30743 -1.38887 -1.51622 -1.43888 0.748019 1.98564 1.78155 0.251561 0.878636
355 -0.401388 -1.52184 -0.315048 -0.684361 -0.586065 0.0152892 1.00583 0.383475 0.377107 0.816
356 0.309304 -0.483135 -1.85868 -1.4194 -0.675581 0.797979 0.475397 1.24181 0.180764 1.00152
357 -1.17297 -1.12449 -0.704854 -1.43974 -0.791948 0.556582 1.19788 2.07083 0.747485 0.15036
358 -0.771251 0.00874332 0.0260891 -0.0464186 -0.854345 1.07104 0.799029 0.298631 -0.263245 0.665478
359 -0.529494 -1.52981 -1.25795 -1.02809 -0.737278 0.483428 1.15262 0.42835 -0.0192929 1.13908
360 -0.102117 -1.58427 -0.935398 -1.60519 -0.880776 -0.10169 0.961107 1.20939 0.235925 1.07806
361 -0.768122 -0.522255 -0.852114 -0.541075 -1.04043 1.37757 0.773225 0.781418 0.09859 0.523398
362 -1.30803 -0.441862 -1.57459 -0.517701 -0.928476 0.938063 0.543175 0.765104 -0.248747 1.30571
363 -0.597361 -0.666159 -0.550917 -0.322506 -0.292949 0.902309 0.871944 1.27819 -0.516944 1.28
364 -0.978392 -1.48733 -0.680983 -0.941195 -1.41176 -0.236927 0.980364 0.320864 -0.387087 0.890649
365 -1.93896 0.731399 -1.47437 -0.553639 0.251331 3.83664 0.622873 0.0940217 -0.324875 -0.487627
366 -1.38557 -0.361382 -1.21849 -0.928282 -0.55951 1.46104 0.914905 1.14294 -0.462314 1.571
367 0.119832 -1.29955 -0.608626 -0.464887 -1.11092 0.151309 0.820471 0.207432 1.8898 0.31429
368 0.196613 -2.35387 -1.43712 -0.382779 -1.13246 -1.31068 1.08367 -0.135206 1.8916 1.33023
369 -0.959862 -1.04982 -1.46382 -1.03273 -0.983421 0.390398 0.449809 1.40708 0.721643 0.910405
370 -1.23042 -1.76167 -1.53094 -1.50683 -1.18256 0.982741 1.54999 1.53282 0.201779 1.65153
371 -0.50591 -0.523037 -0.8083 -0.954598 -0.3399 0.713429 0.862828 0.713918 -0.0402458 1.15709
372 -0.743986 -1.987 -0.167255 -1.15803 -1.21714 -0.937681 0.416089 0.247345 0.745879 0.741287
373 -1.1629 -2.09504 -0.322715 -1.15274 -1.87389 -0.255216 0.343314 0.187772 -1.59852 1.17829
374 -1.4945 -1.47929 -0.979372 -1.27201 -1.51209 0.179179 1.21698 1.27142 -0.257097 1.28621
375 -0.640553 -1.44966 -0.61568 -0.838691 -0.475791 0.49555 1.30234 0.259113 0.319474 1.16762
376 -1.32331 -1.60557 -1.49437 -1.41485 -1.93119 0.195445 1.27585 1.36365 0.570762 1.26933
377 -0.912112 -0.711469 0.430701 -0.16194 -1.84247 -1.04954 -0.462883 0.167975 0.966388 0.680667
378 -1.40477 -0.337746 -1.45972 -0.622805 -0.513319 1.58608 0.471169 0.777592 -0.383793 0.645359
379 -1.17023 -1.31257 -0.868792 -1.40812 -1.32844 0.316134 1.05925 0.784203 -1.11531 1.23594
380 -1.72978 -0.196336 -4.04776 -0.994824 -0.235102 1.09202 2.64036 -1.2669 -1.64803 -0.479216
381 -0.884771 -0.864653 -0.464745 -0.569985 -1.44947 1.89488 1.12238 1.45095 -0.650764 0.832782
382 -1.11021 1.21527 -2.50886 0.340231 -0.373199 0.645994 1.20125 0.976168 -0.188418 -0.16785
383 0.0518493 -0.413112 -0.365169 -0.375923 -0.892337 -0.360932 0.470832 0.817127 0.775011 1.20868
384 -0.138267 -0.6861 -0.544151 -0.888016 -0.724182 -0.0822045 0.822366 1.22758 1.37188 0.03859
385 -0.734771 -2.0094 -0.610797 -1.37394 -1.4557 -0.674557 0.426371 0.206744 0.787162 1.33966
386 -1.62427 -1.74045 -0.835936 -1.22501 -1.61903 0.210843 1.0975 0.847241 -1.15756 1.75856
387 -0.296337 -0.205272 -2.95926 -0.735587 -0.138015 -1.31251 0.496173 2.13409 3.17876 0.0803221
388 -1.0274 -0.278987 -0.847702 -0.609051 -0.822982 0.953142 0.661285 0.770578 -0.535924 0.193634
389 -1.12182 -1.60627 -0.20408 -0.625885 -1.26532 -0.542011 0.911781 0.237002 -0.729828 1.07633
390 -0.10108 -0.110665 -0.923392 -0.668905 -1.06735 0.708361 0.947399 0.206718 -0.130723 1.29218
391 -0.275988 -1.55077 -0.336012 -1.22709 -1.39071 -0.319412 0.653619 0.637015 1.98145 1.85424
392 -0.558747 -1.26517 -1.31578 -1.07262 -1.15892 0.0478673 0.958663 0.725905 1.00678 1.31728
393 -1.20846 -0.430003 -1.07074 -1.16004 -0.484405 1.45643 1.18093 0.888156 -1.28701 0.700909
394 -1.10546 -1.13491 -1.1218 -1.05882 -1.27214 0.0877616 0.840751 0.581519 -0.877926 1.23393
395 -0.991188 -1.27449 -0.320989 -1.04284 -1.07606 0.175783 0.893327 0.859384 -0.865043 1.28781
396 -0.55343 -1.671 -0.639369 -0.992391 -0.777166 0.288531 0.631486 0.565778 0.187848 0.968365
397 0.0580827 -0.629812 -0.118033 -0.592655 -0.741492 -0.897043 0.895141 0.623855 0.833908 0.933315
398 -0.230876 -0.605719 -0.84053 -0.651194 -0.29591 0.366591 0.478565 0.962776 0.0450762 0.436706
399 -0.966998 -1.17557 -1.2874 -1.28027 -1.08809 0.768723 1.2341 0.863192 0.270963 1.16997
400 -1.03463 -0.395175 -1.37294 -0.972061 -0.680007 1.39892 1.16812 0.947827 -0.284704 1.3795
401 -1.13808 -0.29562 -0.831671 -0.503105 -0.476803 1.73958 0.618654 1.31011 -0.666614 0.815489
402 -1.04838 -1.25963 -0.0422398 -0.606556 -1.59339 -0.499438 0.835304 0.294729 -1.18236 0.885618
403 -0.146618 -0.674706 -0.740208 -0.621419 -0.55339 0.354187 0.678934 0.357711 0.926798 0.862772
404 -0.91717 -1.89372 -0.614524 -1.49909 -1.72335 -0.140009 0.759388 0.694297 -1.48665 1.35037
405 -0.431183 -0.87952 -1.14714 -0.256019 -0.784788 0.267791 0.598689 0.41609 0.443991 1.03119
406 -0.962915 -1.25658 -0.46345 -0.926926 -1.42564 0.340639 0.882503 0.768816 -0.0745226 0.669179
407 -1.08001 -0.562229 -1.35651 -1.20922 -0.617928 1.01245 1.0734 1.23214 -0.0699899 0.952128
408 -1.55577 0.417325 -1.5174 -0.684172 -0.831635 1.91552 0.198899 0.311034 -1.33854 0.339758
409 -0.324721 -0.603276 -1.13506 -0.684008 -0.549249 -0.941318 0.72021 1.3959 1.89408 0.999351
410 -0.484492 -0.391222 -0.851261 -1.29996 -0.704378 -1.58405 0.314812 1.2048 2.2938 1.23789
411 -1.53649 -1.6228 -0.293323 -0.871687 -1.66859 -0.329104 0.0601706 0.0470569 -1.78433 1.87699
412 -0.121971 -1.30543 -0.761277 -0.718087 -1.5198 -0.314676 0.903317 0.870569 1.23554 1.12879
413 -1.17388 -0.866697 -1.37877 -0.772116 -1.34361 1.37248 0.988999 1.38653 -0.351246 0.45803
414 -0.931768 0.62195 3.00389 0.704413 -1.81177 2.39692 4.23782 2.90456 0.694975 4.17648
415 -0.82726 -0.837675 -1.20593 -1.1179 -0.924981 0.109731 0.4272 0.87172 0.974157 1.31852
416 -1.04461 -1.14702 -1.3979 -0.910268 -0.802394 0.245137 1.66798 0.71618 0.174653 1.20344
417 -1.61102 -0.220694 -1.03902 -0.788729 -0.59015 1.65083 0.948247 1.66059 -0.48675 1.65291
418 -0.909037 -0.354773 -1.12014 -0.721278 -0.540935 2.29782 0.588756 1.22089 -0.85985 0.695646
419 -0.943002 -0.537461 -0.418953 -0.385773 -0.362547 1.20228 0.163967 0.896002 -0.605296 0.317116
420 -0.142278 -0.876524 -0.923268 -0.406964 -0.42114 0.792305 0.345591 0.686508 0.640598 1.74063
421 -0.480896 -0.932497 -0.636352 -0.571263 -0.878825 0.161886 0.641584 1.45609 0.374811 0.587331
422 -0.303177 -0.567361 -0.699018 -0.810645 -0.646511 -0.783152 0.852613 0.373097 1.83096 0.422717
423 -0.696693 -1.238 -0.88158 -0.882122 -0.79774 0.81809 0.854252 1.02502 -0.0968703 0.874456
424 -1.2085 -0.901826 -0.936674 -1.26792 -0.177977 0.829816 1.14056 0.921828 -0.0829977 1.3311
425 -1.30313 -1.57864 -0.951503 -1.59259 -1.14964 0.768375 1.37786 1.02079 -0.102112 1.43144
426 -0.860582 -0.670043 -0.813622 -0.930607 -0.889477 0.988267 1.46152 0.96452 -0.435074 0.637509
427 -0.514332 -1.06681 -0.213343 -1.20849 -0.621464 0.587855 0.519043 0.82745 -0.398153 -0.170662
428 -1.21155 -1.43305 -1.43414 -1.02519 -1.10845 1.13134 1.54677 0.39444 0.188671 0.732129
429 -1.00872 -1.25058 -0.224783 -0.400899 -1.1959 -0.433982 0.103096 -0.0615766 -2.13439 0.927014
430 -0.488063 -1.17656 -0.956334 -1.28932 -0.681166 0.243213 1.3782 0.76607 0.859615 1.30053
431 -1.07289 -1.44248 -0.698503 -1.16051 -1.45069 0.0411256 1.03648 0.587721 0.0712822 1.37
432 -1.17819 -0.672123 -0.35327 -0.392273 -0.255193 2.3753 0.581975 0.415232 0.275672 0.709394
433 -0.829019 -0.473298 -0.512257 -0.905366 -0.896731 0.846195 0.724965 1.44783 -0.738616 1.14409
434 -1.44472 -1.20762 -1.84708 -1.55194 -1.48923 1.24743 1.40533 1.51383 -0.11544 1.64834
435 -1.07276 -0.725723 -0.793841 -0.799561 -1.11595 0.738906 1.14655 0.649821 -0.388832 1.10565
436 -0.843531 -1.54259 -0.210449 -0.797324 -1.29417 -0.611696 0.545525 -0.388831 -1.88835 0.876597
437 -0.983617 -2.39883 -0.409035 -0.941902 -1.61835 -0.180604 0.508006 0.597564 -0.631671 2.26223
438 -0.400596 -2.056 -1.15092 -0.719809 -0.382044 0.21219 2.20261 1.19446 -2.12339 -0.188073
439 -1.06052 -0.506925 -1.08785 -0.973545 -1.09477 1.21915 0.708907 0.654339 -0.270401 0.432433
440 -0.262852 -0.613798 -0.370603 -0.738459 -0.584229 -0.278773 0.870597 0.809924 0.933654 1.05267
441 -0.870942 -0.187637 -1.08909 -1.02368 -0.144379 0.770702 0.632313 0.597612 -0.368981 0.579739
442 -0.956582 -1.33483 -0.395118 -1.26345 -1.48516 -0.171663 1.3703 0.909048 0.548916 1.56501
443 -1.27042 -0.0844319 -0.943635 -0.556334 -0.699022 1.49948 0.44514 0.35114 -0.785091 0.52972
444 -0.942002 -1.73832 -0.472172 -1.30212 -1.72567 0.0709761 0.657063 0.487954 -0.593898 1.52249
445 -0.60763 -0.822537 -0.466337 -0.645665 -0.744909 1.0505 0.251507 1.25201 -0.56427 1.34804
446 -1.2477 -1.87329 -0.335928 -1.58919 -1.93317 0.0510586 1.30842 0.983979 -1.26784 1.41423
447 -1.37411 -1.6882 -0.586744 -0.920602 -0.965385 -0.234874 0.548151 0.266401 -1.5751 0.984955
448 -2.92847 -0.454172 0.426843 -2.60744 -3.08755 3.12509 -0.724152 -0.273389 3.1358 -3.46869
449 -0.931913 -1.34807 -1.19614 -1.15633 -0.803808 0.774024 1.32987 0.94514 0.40209 1.18541
450 -0.675086 -1.0195 -0.339904 -0.846392 -0.664777 0.384539 1.26869 0.994611 0.781182 1.30525
451 -1.34018 -1.41082 -0.745433 -1.23796 -1.59379 -0.18804 1.16266 0.877786 -0.271598 1.52431
452 -0.83194 -1.42585 -1.28503 -1.46732 -1.16732 -0.000172409 1.58664 0.716893 1.40858 1.36018
453 -0.306529 -1.04997 -1.62513 -0.642887 -0.75649 0.425163 1.17288 1.39568 1.06099 1.36555
454 -0.568431 -0.512145 -1.01477 -0.259758 -0.834392 0.88048 0.152323 0.512109 0.869728 0.927558
455 -1.30601 -1.34998 -1.09629 -1.3204 -1.66132 0.425586 1.07545 0.832657 -1.4005 1.41653
456 -1.14949 -1.5227 0.276204 -0.849187 -1.40961 -0.9605 0.599457 0.322125 -1.06321 1.17251
457 -0.69638 -1.21145 -1.12404 -0.996843 -0.924937 0.89834 1.44936 1.332 0.699125 1.68571
458 -0.789335 -1.33838 -0.377496 -0.718211 -1.77813 -0.388711 0.428559 0.550616 -1.49656 1.22424
459 -1.43101 -0.121773 -1.25287 -0.986696 -0.649306 1.43342 1.0719 0.327634 -0.773206 0.816326
460 -1.2031 -0.805581 -1.13776 -0.755019 -0.803577 1.19246 0.974571 0.993887 -0.983615 0.875211
461 -1.12386 -1.14254 -1.2661 -1.23297 -1.18707 0.83168 1.17307 1.16397 -0.195459 1.15912
462 0.486627 0.410276 -2.05039 -0.974845 -1.00104 -1.00977 -0.899184 2.46461 -0.989077 1.71529
463 -0.534412 -1.04537 -0.934349 -0.79667 -0.786328 0.910939 1.05709 1.35867 -0.138185 0.865681
464 -1.24231 -1.22226 -1.00559 -0.644507 -0.808089 0.486626 0.30123 0.381203 -0.840845 0.287969
465 0.163418 -0.980731 -1.20583 -0.684679 -0.853325 -0.541633 1.16922 0.481626 1.69437 1.68923
466 -1.78055 -0.152803 -1.27623 -0.851314 -1.08171 2.10812 0.827617 1.55627 -1.352 0.537144
467 -0.412081 -1.51288 -0.571862 -0.577454 -0.84988 -0.349418 0.782139 0.670355 0.793166 0.707159
468 -1.11716 -1.31912 -0.951202 -0.919303 -1.22032 0.261731 0.84191 0.691115 -0.839075 0.710965
469 -0.102778 -1.61449 -1.21367 -1.00584 -0.589601 -1.49124 1.31037 1.23614 2.86127 1.51639
470 -1.40806 -1.49931 -0.564724 -0.918663 -1.78965 -0.320586 1.19383 0.68971 -1.26725 1.78507
471 -1.08049 -0.273584 -1.09962 -1.1331 -0.841868 1.3699 0.810711 1.53492 -0.547771 1.31001
472 -0.914415 -0.69394 -0.742795 -0.854764 -0.49342 0.624298 1.21747 1.18307 0.971649 0.865108
473 -0.66054 -0.490473 -0.451804 -1.04383 -0.825829 0.264035 0.438219 0.754602 0.311191 0.857185
474 3.08519 -2.65259 1.48044 -1.61271 -2.30605 -3.77284 2.55065 3.35235 -1.17928 1.67616
475 -1.74891 -0.0634949 -1.36761 -0.758976 -0.468485 2.01938 1.81302 0.968462 -1.17648 0.814357
476 -1.23478 -1.95565 -0.504665 -1.15382 -1.71914 -0.204952 0.715073 0.484232 -1.34155 1.25524
477 -1.87 -1.15659 -0.450837 -1.44032 -0.499978 -0.0508714 1.43387 1.56519 0.247092 0.002395
478 -0.867127 -0.886484 -0.614856 -0.94665 -0.701942 0.945906 0.783668 0.996332 -0.463582 0.348437
479 -0.0109365 -1.35355 -0.481419 -0.0821704 -1.64115 -0.542268 0.500575 0.778757 1.42065 0.371328
480 -0.179184 -1.80597 -1.73476 -2.12356 -1.08394 -0.179678 0.813779 2.99917 -1.3207 0.141443
481 0.148171 -1.23449 -0.648335 -0.83747 -0.800074 -0.588573 0.443338 0.444537 0.559124 0.590109
482 -0.502147 -1.42446 -0.625328 -0.918442 -0.959805 0.373541 0.903442 0.518148 -0.00604612 0.370013
483 -0.365479 -2.19857 -1.025 -0.830027 -0.131581 3.12744 -0.0252859 0.38076 0.612634 0.723744
484 -0.70013 -1.17835 -0.83215 -0.82093 -1.04534 2.00321 0.980763 0.359664 -0.224968 0.548211
485 -1.04256 -1.18357 -1.04789 -1.17333 -1.05977 0.330527 1.01882 1.05037 -0.840477 1.20138
486 -1.22725 -1.71913 -0.696033 -1.3608 -1.57641 -0.0864672 1.00098 0.762652 -0.919994 1.70528
487 -1.11171 -0.790184 -1.42902 -1.06698 -0.540267 1.30017 1.26936 0.692038 -0.727566 1.13772
488 -0.446808 -1.94677 -0.710549 -0.417378 -1.42114 -0.425795 0.469933 1.69169 0.741261 0.828306
489 -0.476269 -1.16009 -1.27922 -1.19291 -1.49571 0.391251 1.52871 0.981171 -0.704565 0.520164
490 -0.717859 -0.491004 -1.10661 -0.255255 -0.77969 1.47344 0.29797 1.10134 -0.564235 1.0858
491 -1.85445 -0.271714 -0.79975 -0.287992 -0.436646 1.75476 0.298758 1.02064 -0.990328 -0.108812
492 -1.32907 -1.91591 0.0646713 -0.47913 -0.893533 -1.21575 1.09642 -0.564423 -0.897825 1.0683
493 -0.331503 -1.58137 -1.16383 -0.502503 -0.916926 -0.171456 1.30354 0.286627 1.00261 1.05343
494 -1.28688 -1.05391 -1.12459 -0.99382 -1.26634 0.997348 1.14906 0.631168 0.0630848 1.12378
495 -2.59448 0.0929456 -0.684736 -0.866805 -1.0986 1.92836 0.658988 0.694851 -1.02678 -0.00569063
496 -0.798605 -0.406139 -0.681341 -0.299475 -0.330583 0.77695 0.897385 1.2296 -0.070643 0.328919
497 -0.711207 -0.87611 -0.764663 -0.460453 -0.794169 0.713598 0.377011 1.35176 0.00200566 1.32315
498 -0.909836 -1.43508 -0.370597 -0.650452 -1.21033 0.0108545 0.633667 0.918315 -0.919569 0.844092
499 -0.162493 -1.47535 -0.375972 -0.180917 -0.263065 0.729856 1.22688 0.860691 0.426129 0.278083
500 -0.409967 -0.931541 0.199222 -0.886749 -0.545062 0.420791 0.516756 0.886921 1.37793 1.7435
501 -0.841739 -1.65216 0.111044 -0.764685 -1.63367 -0.474968 0.971443 0.378816 -0.900762 1.2161
502 -0.515574 -1.21457 -0.377093 -0.985463 -0.642447 0.324763 0.442583 0.814813 0.896783 0.829625
503 -0.916574 0.0107707 -0.974265 -0.315468 -0.447154 0.694228 0.27012 -0.112126 1.0711 0.618395
504 -0.43802 -1.40209 -0.535421 -1.00241 -1.48577 0.121262 1.15414 1.21316 -0.0409884 0.668573
505 -0.766912 -1.18888 -0.482913 -0.721557 -0.468637 0.22001 0.558665 1.06826 0.967159 0.698648
506 -0.602968 -0.0828594 -0.439912 -0.480158 -0.577072 1.29776 0.90165 0.978204 -1.56532 0.509029
507 -1.10247 -1.15772 -0.892412 -1.11006 -1.27114 0.233713 0.95257 0.906822 -1.00804 1.25477
508 -1.16531 -1.62804 -0.0502099 -1.35939 -1.2736 -0.178613 1.01844 1.01229 0.415601 1.26338
509 -1.09011 -0.743929 -1.48047 0.520062 -0.613936 2.26398 1.42788 0.938805 -2.08536 -0.339084
510 -0.0585744 -1.7082 -0.797621 -0.946702 -0.561313 -0.653811 0.793965 0.770319 0.962157 1.04795
511 -1.28455 0.153118 -1.20666 -0.748105 -0.651972 1.97211 1.04612 0.3845 -0.692985 1.08523
512 -1.49216 -1.49863 -0.617627 -1.25113 -1.40229 0.283401 0.747485 0.722346 -1.17508 1.277
513 -0.816054 -1.11767 -0.817148 -0.860657 -0.640606 0.500193 0.701327 1.41388 0.0624848 1.15054
514 -0.402122 0.385158 -1.05845 0.15524 -0.832792 0.103841 1.22558 1.19481 2.27118 0.420061
515 -0.567436 -0.39321 -0.572092 -0.400225 -0.540357 0.857008 0.714851 0.678831 -0.765573 1.60077
516 -0.331031 -1.03205 -0.641807 -0.60903 -0.86688 -0.07822 0.541121 1.24349 1.24693 0.625662
517 -1.09409 -0.770207 -1.47224 -0.378066 -1.67995 1.12419 0.246721 0.477778 -0.327872 0.0678437
518 -0.477638 -1.28966 -0.592395 -1.21312 -1.21384 -0.0705563 1.3616 0.634551 0.504623 1.54148
519 -1.69308 -0.415394 -0.898084 -0.403504 -0.606446 1.37508 0.621621 1.12336 -0.621832 0.338778
520 -0.950834 -1.67149 -1.2275 -0.783277 -0.915316 0.528551 1.74027 1.08699 1.08244 0.61164
521 -0.80569 -1.85956 -0.320271 -0.43159 -1.26296 -0.755177 0.772369 0.612358 -1.07922 1.74139
522 -0.843459 -0.465053 -1.54695 -1.03945 -0.800831 1.7425 0.353314 0.383674 -0.806118 1.4971
523 -0.511055 -0.539099 -0.910415 -0.645282 -0.4705 2.04072 0.508401 0.620328 -0.773917 0.374084
524 -0.757478 -1.30944 -0.343181 -1.17033 -1.71831 -0.202082 0.848293 1.07278 -0.392307 1.01629
525 -0.941296 -0.362995 -1.05099 -0.306698 0.173021 2.1734 1.5041 1.78818 -1.65016 0.547319
526 -0.0892769 -0.500481 -1.00712 -0.053984 -0.500767 1.29999 0.132369 0.567869 0.100396 0.83024
527 -0.292094 -1.29698 -1.584 -0.514607 -0.88727 -0.5986 1.18021 0.286854 2.1244 0.736724
528 -0.647044 -0.32274 -0.624979 -0.418719 0.00222043 1.42521 0.662574 0.892148 -0.239011 0.787818
529 -1.06069 -1.41791 -0.0144044 -0.5853 -0.875844 -0.517616 0.761239 0.244493 -0.830006 1.08795
530 -0.904175 -1.4775 -0.642966 -0.813129 -1.29917 -0.113917 0.665142 0.619324 -0.979596 0.481871
531 -0.6243 -1.14942 -0.693544 -0.93587 -0.752239 0.0678129 0.485467 0.877842 0.276659 0.973761
532 -0.712437 -1.21447 -1.39367 -0.892106 -1.07043 -0.164596 0.644492 0.879951 1.0251 0.708834
533 -1.28496 -0.662897 -0.809271 -0.422392 -0.169061 0.880208 0.720857 0.309751 0.439828 0.685614
534 -2.26346 0.834331 -2.1007 -0.654274 -0.790284 2.96259 0.636624 -0.579265 -0.904939 -0.439311
535 -0.443239 -1.18942 -0.340041 -0.966303 -0.997699 0.00905644 0.7853 0.47647 0.494355 0.93303
536 -1.04289 -1.55771 -0.533739 -0.70032 -1.69062 -0.158672 0.425598 0.585869 -1.0698 0.912045
537 -1.26552 -0.216574 -0.61665 -0.424559 -0.334661 2.13745 0.356597 1.0262 0.414159 0.247894
538 -1.26791 -0.481517 -0.730512 -0.807318 -0.973062 0.812097 0.889401 1.56433 0.0818265 0.702637
539 -0.743086 -1.22137 -1.13305 -1.09757 -0.94973 0.621935 0.81072 0.504647 0.13926 1.37961
540 -0.661078 -0.850052 -0.603872 -0.855442 -0.96471 0.124859 1.3743 0.686685 0.98861 0.679145
541 -0.763628 -1.60945 -0.136494 -1.11216 -1.07927 -0.357942 0.647509 0.540863 -1.25832 1.74665
542 -1.71478 -1.39622 -1.20573 -1.20431 -0.99771 1.15294 1.4698 0.925828 -0.82819 0.542185
543 -0.85235 -0.815734 -0.65782 -0.902602 -0.759079 0.575399 0.226156 0.528362 -0.0271419 0.447576
544 -0.617481 -1.03523 -0.161545 -0.417712 -0.662936 -0.340812 0.316681 0.508031 0.464237 0.367125
545 -0.520248 -0.807819 -1.05578 -0.552859 -0.695001 0.505536 0.400807 0.141011 0.198556 0.232406
546 -0.466696 -1.26324 0.0106772 -0.0591832 -0.362592 -0.703942 0.456 0.211262 1.78518 1.11578
547 -0.13989 -0.921261 -0.36852 -0.456624 -0.725842 0.372758 0.0976994 0.545341 1.24045 0.47314
548 -1.05196 -0.360702 -0.483707 -0.625309 0.112372 1.07632 0.185298 0.591863 -0.122754 0.120467
549 -0.834428 -1.06104 -0.983008 -1.28558 -1.0501 0.90759 0.522859 0.540666 -0.194541 0.416821
550 -1.30219 -0.217936 -0.232992 -0.457958 -0.372806 1.52077 0.615582 0.480483 -0.751475 0.225951
551 -1.32058 -0.239075 -0.936243 -0.417406 -1.0928 1.38465 0.562247 1.12251 -1.07359 0.562089
552 -1.07619 -1.41546 -0.860301 -1.17561 -1.35041 -0.00392132 0.896785 0.792996 1.20616 1.34109
553 -0.319343 -1.00935 -1.23023 -0.805444 -0.644077 0.943005 -0.135603 0.74413 0.6533 0.406455
554 -0.692075 -0.871695 -0.700938 -0.817329 -0.803285 -0.269995 0.942091 1.60981 1.38383 0.592244
555 -0.233116 -2.04939 -0.547115 -0.665451 -0.824443 -2.30852 1.46785 0.340078 2.8268 0.54364
556 -0.880207 -0.010932 -0.819545 -0.328165 -0.357415 1.67632 0.741453 0.447383 -0.802074 -0.0160659
557 -1.16195 -1.06281 -1.06795 -1.15489 -0.974521 0.84381 1.12011 1.23926 -0.136953 1.23651
558 -0.183262 -0.33141 -0.510289 -1.30108 -0.396452 1.10391 0.821546 0.855877 0.37935 1.16057
559 -1.12828 -1.79636 -0.045727 -1.29353 -1.29203 -0.824079 0.550018 0.33124 -1.55168 1.42262
560 -0.833669 -0.437973 -2.05729 -0.408946 -0.74466 2.27717 0.301975 0.283713 -1.90802 0.437949
561 -1.77073 -0.197717 -1.12135 -1.52697 -1.11385 1.62687 1.19507 0.461769 0.251969 0.826471
562 -0.362811 -0.464129 -1.22707 -0.885096 -0.134487 1.03946 0.578861 1.47896 -0.352213 1.40436
563 -0.756367 -0.651748 -0.477035 0.526628 0.365589 2.17 1.22711 0.927704 -2.25145 -0.760628
564 -1.90365 -0.0670422 -0.734706 0.252058 -0.118755 2.70498 -0.588868 0.598983 -0.646776 -0.344303
565 -1.18175 -1.25163 -0.547142 -1.10019 -1.36188 0.365706 0.773064 0.869296 -0.814146 1.07041
566 -0.778797 -1.8941 -0.0375788 -1.22868 -1.35592 -0.565044 0.495993 0.716101 -1.36444 1.60372
567 -0.980493 1.39352 -0.141713 -0.994772 0.446799 2.8464 1.80829 -0.421634 -1.6069 -0.656704
568 -0.897732 -0.902411 -0.68359 -1.26387 -0.832005 0.0206232 0.743966 0.510178 0.704417 1.18179
569 -1.16787 -1.0508 -0.779583 -1.12082 -1.08415 0.27907 0.698759 1.0132 -1.00531 1.1368
570 -1.57085 -2.21687 -1.3152 -1.90901 -1.57788 0.413196 1.68193 1.56425 0.373208 1.96222
571 -0.0434972 -0.741608 0.109957 0.328135 -0.262682 -1.37173 0.493414 -0.0432793 2.59999 1.24841
572 -0.181389 -1.51312 -0.779457 -0.201395 -1.20619 -0.737086 0.665988 1.17961 1.62515 0.852357
573 -1.8082 -0.619768 -2.04867 -0.703219 -1.07004 1.83644 1.15532 1.15016 -0.592006 0.851245
574 -1.17768 -1.14132 -1.04615 -1.28216 -1.08933 0.251306 1.06825 0.810755 -1.14812 0.995462
575 -0.14548 -0.524571 -0.110476 -0.370854 0.0398838 -0.404375 0.909545 0.174611 1.9274 0.997588
576 -0.744797 -1.1192 -0.8822 -0.906814 -1.10908 -0.120459 1.04394 0.679807 0.893684 1.12169
577 -0.110956 -2.06075 -1.1991 -1.02407 -0.678871 -0.819566 1.18926 0.580771 1.43456 1.57006
578 -0.625956 -0.214779 -0.546674 -0.0272892 -0.682904 0.3492 0.297299 -0.352669 -1.0594 -0.431302
579 -0.385876 -1.06659 -0.479051 -1.00319 -0.604054 0.273416 0.933021 0.880532 1.05933 1.07123
580 -0.994115 -0.152978 -1.77404 -0.64385 -1.20342 -0.406326 0.917546 1.63995 0.217341 1.26253
581 -1.5129 -0.427703 -1.01517 -0.818152 -0.846595 1.43254 0.833078 1.10655 -0.919577 0.938353
582 -1.24618 0.00512558 -0.890553 -0.724019 -0.362837 1.92515 0.643704 0.742769 -1.23144 0.665609
583 -1.35257 -0.331601 -0.907148 -0.380475 -0.971319 1.61761 0.441017 1.18536 -0.993134 0.241813
584 -1.11824 -1.60203 -0.689064 -1.41696 -1.52925 -0.232222 1.14453 0.511077 -1.7049 0.959847
585 -1.17581 -0.71077 -1.74061 -0.973746 -1.25098 1.12926 0.42794 0.95635 0.335444 0.895034
586 -0.569381 0.273669 -2.18447 -0.636153 -0.543106 2.07785 0.623355 0.196543 -1.34902 0.126334
587 -0.110474 -1.60343 -0.472599 -1.18351 -1.05822 -1.02807 0.37983 0.458393 1.73528 1.67418
588 -1.04436 -1.49666 -0.592624 -0.865336 -1.43992 0.243986 0.562689 0.44416 -1.00623 0.895975
589 -1.28614 -1.68367 -0.610161 -1.50341 -1.74748 0.100144 0.996387 0.727294 -0.446173 1.5228
590 -0.521305 -1.37588 -1.56063 -1.38136 -2.56131 0.0687941 1.51012 0.87346 1.5388 0.733507
591 -0.865617 -0.636488 -0.791309 -0.471717 -0.406214 0.0792102 1.26505 0.716489 1.14402 0.805606
592 -1.65431 -1.97885 -0.438802 -0.808579 -1.17758 -0.544057 0.596681 0.157424 -1.2746 1.14399
593 -0.920028 -1.01669 -1.00344 -0.83703 -1.24491 0.465795 0.770883 1.3983 -0.464144 0.82882
594 0.126525 -1.02761 -0.472366 -1.17123 -0.832912 -1.38886 1.00723 0.694687 -1.86346 0.178001
595 -0.623006 -0.98353 -0.616542 -1.17229 -1.28345 -0.0972312 0.520071 0.737405 0.601777 1.07667
596 -0.0106684 -0.84578 -0.400911 -0.574757 0.478935 2.68471 1.69656 0.270327 -1.84168 0.67787
597 -0.308882 -2.31686 0.327761 -0.371847 -1.23345 -1.59479 0.95687 1.61669 2.497 1.72356
598 -0.650298 -0.291858 -0.506786 0.0262891 -0.717085 1.02538 0.0106572 0.00910007 -0.552586 0.461196
599 -3.07559 -0.814112 1.96715 -3.30885 0.946874 -2.2063 2.88453 -1.35648 1.09116 3.79295
600 -0.955199 -1.23236 -0.230454 -1.79538 -1.19518 -1.14121 1.05597 2.02704 1.7414 0.336742
601 -1.82213 0.0366551 -1.30655 -0.525019 -0.208186 1.91047 0.630242 1.00947 -0.90293 0.489631
602 -1.05763 -1.69708 -0.0217428 -0.430219 -1.3908 -0.324624 0.311505 0.253044 -1.19692 1.57794
603 0.41367 -2.63705 1.52154 0.440704 -1.24457 -0.303121 0.571128 1.4122 4.81333 1.05091
604 -0.751788 -1.17531 0.656938 -0.445495 -1.68957 -1.21674 0.623814 0.0659212 -1.91878 0.80661
605 -1.38479 -0.556677 -0.27725 -1.01564 -1.35203 0.243941 0.708553 -0.0867655 -1.60877 -0.160614
606 1.13277 -1.84361 -0.928412 -1.29289 0.595261 1.57865 0.239367 -1.21811 3.15038 2.38004
607 -0.899532 -1.95802 -1.12175 -0.860336 -1.17275 -0.506941 0.865632 0.503479 1.37927 0.527656
608 -0.862277 -1.99497 -1.82916 -1.50071 -0.358035 0.127783 2.55987 0.727904 0.319134 1.05017
609 -0.291366 -0.839774 -0.806266 -0.411826 -0.549708 0.126988 0.142356 -0.0533159 -0.471667 0.487344
610 -3.58809 1.33941 -3.11871 -1.03596 2.05851 1.56817 2.79123 -1.34715 -1.54023 -0.710321
